X	Graphic Profile 1
0.000	23.545
1.000	23.539
1.999	23.534
2.999	23.528
3.999	23.523
4.999	23.517
5.998	23.512
6.998	23.506
7.998	23.501
8.998	23.495
9.997	23.489
10.997	23.483
11.997	23.478
12.997	23.472
13.996	23.466
14.996	23.460
15.996	23.454
16.996	23.448
17.995	23.442
18.995	23.435
19.995	23.429
20.995	23.423
21.994	23.417
22.994	23.410
23.994	23.404
24.993	23.397
25.993	23.391
26.993	23.384
27.993	23.378
28.992	23.371
29.992	23.364
30.992	23.358
31.992	23.351
32.991	23.344
33.991	23.337
34.991	23.330
35.991	23.323
36.990	23.316
37.990	23.309
38.990	23.302
39.990	23.295
40.989	23.288
41.989	23.280
42.989	23.273
43.989	23.266
44.988	23.258
45.988	23.251
46.988	23.243
47.988	23.236
48.987	23.228
49.987	23.220
50.987	23.213
51.986	23.205
52.986	23.197
53.986	23.189
54.986	23.181
55.985	23.173
56.985	23.165
57.985	23.157
58.985	23.149
59.984	23.141
60.984	23.133
61.984	23.125
62.984	23.116
63.983	23.108
64.983	23.100
65.983	23.091
66.983	23.083
67.982	23.074
68.982	23.066
69.982	23.057
70.982	23.049
71.981	23.040
72.981	23.031
73.981	23.022
74.980	23.013
75.980	23.004
76.980	22.996
77.980	22.987
78.979	22.977
79.979	22.968
80.979	22.959
81.979	22.950
82.978	22.941
83.978	22.933
84.978	22.924
85.978	22.915
86.977	22.906
87.977	22.897
88.977	22.888
89.977	22.880
90.976	22.871
91.976	22.862
92.976	22.853
93.976	22.844
94.975	22.835
95.975	22.826
96.975	22.817
97.975	22.808
98.974	22.799
99.974	22.790
100.974	22.781
101.973	22.772
102.973	22.763
103.973	22.754
104.973	22.745
105.972	22.735
106.972	22.726
107.972	22.717
108.972	22.708
109.971	22.699
110.971	22.690
111.971	22.681
112.971	22.671
113.970	22.662
114.970	22.653
115.970	22.644
116.970	22.634
117.969	22.625
118.969	22.616
119.969	22.606
120.969	22.597
121.968	22.588
122.968	22.578
123.968	22.569
124.967	22.560
125.967	22.550
126.967	22.541
127.967	22.532
128.966	22.522
129.966	22.513
130.966	22.503
131.966	22.494
132.965	22.484
133.965	22.475
134.965	22.465
135.965	22.456
136.964	22.446
137.964	22.437
138.964	22.427
139.964	22.418
140.963	22.408
141.963	22.398
142.963	22.389
143.963	22.379
144.962	22.369
145.962	22.360
146.962	22.350
147.962	22.340
148.961	22.331
149.961	22.321
150.961	22.311
151.960	22.302
152.960	22.292
153.960	22.282
154.960	22.273
155.959	22.263
156.959	22.253
157.959	22.244
158.959	22.234
159.958	22.225
160.958	22.215
161.958	22.205
162.958	22.196
163.957	22.186
164.957	22.176
165.957	22.167
166.957	22.157
167.956	22.148
168.956	22.138
169.956	22.128
170.956	22.119
171.955	22.109
172.955	22.100
173.955	22.090
174.954	22.080
175.954	22.071
176.954	22.061
177.954	22.052
178.953	22.042
179.953	22.033
180.953	22.031
181.953	22.030
182.952	22.029
183.952	22.028
184.952	22.027
185.952	22.025
186.951	22.024
187.951	22.023
188.951	22.022
189.951	22.021
190.950	22.019
191.950	22.018
192.950	22.017
193.950	22.016
194.949	22.015
195.949	22.013
196.949	22.012
197.948	22.011
198.948	22.010
199.948	22.009
200.948	22.007
201.947	22.006
202.947	22.005
203.947	22.004
204.947	22.003
205.946	22.001
206.946	22.000
207.946	21.999
208.946	21.998
209.945	21.997
210.945	21.995
211.945	21.994
212.945	21.993
213.944	21.992
214.944	21.991
215.944	21.989
216.944	21.988
217.943	21.987
218.943	21.986
219.943	21.985
220.943	21.983
221.942	21.982
222.942	21.981
223.942	21.980
224.941	21.979
225.941	21.977
226.941	21.976
227.941	21.975
228.940	21.974
229.940	21.973
230.940	21.971
231.940	21.970
232.939	21.969
233.939	21.968
234.939	21.966
235.939	21.965
236.938	21.964
237.938	21.963
238.938	21.962
239.938	21.960
240.937	21.959
241.937	21.958
242.937	21.957
243.937	21.956
244.936	21.954
245.936	21.953
246.936	21.952
247.935	21.951
248.935	21.950
249.935	21.948
250.935	21.947
251.934	21.946
252.934	21.945
253.934	21.944
254.934	21.942
255.933	21.941
256.933	21.940
257.933	21.939
258.933	21.938
259.932	21.936
260.932	21.935
261.932	21.934
262.932	21.933
263.931	21.932
264.931	21.930
265.931	21.929
266.931	21.928
267.930	21.927
268.930	21.926
269.930	21.924
270.930	21.923
271.929	21.922
272.929	21.921
273.929	21.920
274.928	21.918
275.928	21.917
276.928	21.916
277.928	21.915
278.927	21.909
279.927	21.898
280.927	21.888
281.927	21.877
282.926	21.867
283.926	21.856
284.926	21.845
285.926	21.835
286.925	21.824
287.925	21.813
288.925	21.803
289.925	21.792
290.924	21.781
291.924	21.771
292.924	21.760
293.924	21.750
294.923	21.739
295.923	21.728
296.923	21.718
297.922	21.707
298.922	21.696
299.922	21.686
300.922	21.675
301.921	21.664
302.921	21.654
303.921	21.643
304.921	21.632
305.920	21.622
306.920	21.611
307.920	21.601
308.920	21.590
309.919	21.579
310.919	21.569
311.919	21.558
312.919	21.547
313.918	21.537
314.918	21.526
315.918	21.515
316.918	21.505
317.917	21.494
318.917	21.484
319.917	21.473
320.917	21.462
321.916	21.452
322.916	21.441
323.916	21.430
324.915	21.420
325.915	21.409
326.915	21.398
327.915	21.388
328.914	21.377
329.914	21.366
330.914	21.356
331.914	21.345
332.913	21.335
333.913	21.324
334.913	21.313
335.913	21.303
336.912	21.292
337.912	21.281
338.912	21.271
339.912	21.260
340.911	21.249
341.911	21.239
342.911	21.228
343.911	21.218
344.910	21.207
345.910	21.196
346.910	21.186
347.909	21.175
348.909	21.164
349.909	21.154
350.909	21.143
351.908	21.132
352.908	21.122
353.908	21.111
354.908	21.100
355.907	21.090
356.907	21.079
357.907	21.069
358.907	21.058
359.906	21.047
360.906	21.037
361.906	21.026
362.906	21.015
363.905	21.005
364.905	20.994
365.905	20.983
366.905	20.973
367.904	20.962
368.904	20.952
369.904	20.941
370.903	20.930
371.903	20.920
372.903	20.909
373.903	20.898
374.902	20.888
375.902	20.877
376.902	20.866
377.902	20.855
378.901	20.845
379.901	20.834
380.901	20.823
381.901	20.812
382.900	20.801
383.900	20.790
384.900	20.779
385.900	20.768
386.899	20.757
387.899	20.746
388.899	20.735
389.899	20.724
390.898	20.713
391.898	20.703
392.898	20.692
393.898	20.681
394.897	20.671
395.897	20.660
396.897	20.650
397.896	20.639
398.896	20.628
399.896	20.618
400.896	20.607
401.895	20.596
402.895	20.586
403.895	20.575
404.895	20.564
405.894	20.554
406.894	20.543
407.894	20.532
408.894	20.521
409.893	20.511
410.893	20.500
411.893	20.489
412.893	20.479
413.892	20.468
414.892	20.457
415.892	20.447
416.892	20.436
417.891	20.425
418.891	20.414
419.891	20.404
420.890	20.393
421.890	20.382
422.890	20.372
423.890	20.361
424.889	20.350
425.889	20.339
426.889	20.329
427.889	20.318
428.888	20.307
429.888	20.297
430.888	20.286
431.888	20.275
432.887	20.264
433.887	20.254
434.887	20.243
435.887	20.232
436.886	20.221
437.886	20.211
438.886	20.200
439.886	20.189
440.885	20.178
441.885	20.167
442.885	20.157
443.885	20.146
444.884	20.135
445.884	20.124
446.884	20.114
447.883	20.103
448.883	20.092
449.883	20.081
450.883	20.070
451.882	20.060
452.882	20.049
453.882	20.038
454.882	20.027
455.881	20.017
456.881	20.006
457.881	19.995
458.881	19.984
459.880	19.973
460.880	19.962
461.880	19.952
462.880	19.941
463.879	19.930
464.879	19.919
465.879	19.908
466.879	19.898
467.878	19.887
468.878	19.876
469.878	19.865
470.877	19.854
471.877	19.843
472.877	19.833
473.877	19.822
474.876	19.811
475.876	19.800
476.876	19.790
477.876	19.780
478.875	19.769
479.875	19.759
480.875	19.748
481.875	19.738
482.874	19.728
483.874	19.717
484.874	19.707
485.874	19.697
486.873	19.686
487.873	19.676
488.873	19.665
489.873	19.655
490.872	19.644
491.872	19.634
492.872	19.624
493.871	19.613
494.871	19.603
495.871	19.592
496.871	19.582
497.870	19.571
498.870	19.561
499.870	19.551
500.870	19.540
501.869	19.530
502.869	19.519
503.869	19.509
504.869	19.498
505.868	19.488
506.868	19.477
507.868	19.467
508.868	19.456
509.867	19.446
510.867	19.435
511.867	19.425
512.867	19.414
513.866	19.404
514.866	19.393
515.866	19.382
516.866	19.372
517.865	19.361
518.865	19.351
519.865	19.340
520.864	19.330
521.864	19.319
522.864	19.309
523.864	19.298
524.863	19.287
525.863	19.277
526.863	19.266
527.863	19.256
528.862	19.245
529.862	19.234
530.862	19.224
531.862	19.213
532.861	19.203
533.861	19.192
534.861	19.181
535.861	19.171
536.860	19.160
537.860	19.149
538.860	19.139
539.860	19.128
540.859	19.117
541.859	19.107
542.859	19.096
543.858	19.085
544.858	19.075
545.858	19.064
546.858	19.053
547.857	19.043
548.857	19.032
549.857	19.021
550.857	19.011
551.856	19.000
552.856	18.989
553.856	18.978
554.856	18.968
555.855	18.957
556.855	18.946
557.855	18.935
558.855	18.925
559.854	18.914
560.854	18.903
561.854	18.892
562.854	18.882
563.853	18.871
564.853	18.860
565.853	18.849
566.853	18.839
567.852	18.828
568.852	18.817
569.852	18.806
570.851	18.795
571.851	18.785
572.851	18.774
573.851	18.763
574.850	18.755
575.850	18.748
576.850	18.741
577.850	18.733
578.849	18.726
579.849	18.719
580.849	18.712
581.849	18.704
582.848	18.697
583.848	18.690
584.848	18.683
585.848	18.676
586.847	18.668
587.847	18.661
588.847	18.654
589.847	18.647
590.846	18.640
591.846	18.633
592.846	18.625
593.845	18.618
594.845	18.611
595.845	18.604
596.845	18.597
597.844	18.590
598.844	18.583
599.844	18.576
600.844	18.569
601.843	18.561
602.843	18.554
603.843	18.547
604.843	18.540
605.842	18.533
606.842	18.526
607.842	18.519
608.842	18.512
609.841	18.505
610.841	18.498
611.841	18.491
612.841	18.484
613.840	18.477
614.840	18.470
615.840	18.463
616.840	18.456
617.839	18.449
618.839	18.442
619.839	18.436
620.838	18.429
621.838	18.422
622.838	18.415
623.838	18.408
624.837	18.401
625.837	18.394
626.837	18.387
627.837	18.380
628.836	18.374
629.836	18.367
630.836	18.360
631.836	18.353
632.835	18.346
633.835	18.339
634.835	18.333
635.835	18.326
636.834	18.319
637.834	18.312
638.834	18.306
639.834	18.299
640.833	18.294
641.833	18.290
642.833	18.285
643.832	18.281
644.832	18.276
645.832	18.272
646.832	18.267
647.831	18.262
648.831	18.258
649.831	18.253
650.831	18.249
651.830	18.244
652.830	18.239
653.830	18.235
654.830	18.230
655.829	18.225
656.829	18.221
657.829	18.216
658.829	18.211
659.828	18.207
660.828	18.202
661.828	18.197
662.828	18.193
663.827	18.188
664.827	18.183
665.827	18.178
666.826	18.174
667.826	18.169
668.826	18.164
669.826	18.159
670.825	18.155
671.825	18.150
672.825	18.147
673.825	18.148
674.824	18.149
675.824	18.151
676.824	18.152
677.824	18.153
678.823	18.154
679.823	18.155
680.823	18.156
681.823	18.157
682.822	18.158
683.822	18.160
684.822	18.161
685.822	18.162
686.821	18.163
687.821	18.164
688.821	18.165
689.821	18.166
690.820	18.167
691.820	18.168
692.820	18.170
693.819	18.171
694.819	18.172
695.819	18.173
696.819	18.174
697.818	18.175
698.818	18.176
699.818	18.177
700.818	18.179
701.817	18.180
702.817	18.181
703.817	18.182
704.817	18.183
705.816	18.184
706.816	18.185
707.816	18.186
708.816	18.188
709.815	18.189
710.815	18.190
711.815	18.191
712.815	18.192
713.814	18.193
714.814	18.194
715.814	18.195
716.813	18.197
717.813	18.198
718.813	18.199
719.813	18.200
720.812	18.201
721.812	18.202
722.812	18.203
723.812	18.204
724.811	18.205
725.811	18.207
726.811	18.208
727.811	18.209
728.810	18.210
729.810	18.211
730.810	18.212
731.810	18.213
732.809	18.214
733.809	18.216
734.809	18.217
735.809	18.218
736.808	18.219
737.808	18.220
738.808	18.221
739.808	18.222
740.807	18.223
741.807	18.225
742.807	18.226
743.806	18.227
744.806	18.228
745.806	18.229
746.806	18.230
747.805	18.231
748.805	18.232
749.805	18.234
750.805	18.235
751.804	18.236
752.804	18.237
753.804	18.238
754.804	18.239
755.803	18.240
756.803	18.241
757.803	18.242
758.803	18.244
759.802	18.245
760.802	18.246
761.802	18.247
762.802	18.248
763.801	18.249
764.801	18.250
765.801	18.251
766.800	18.253
767.800	18.254
768.800	18.255
769.800	18.256
770.799	18.257
771.799	18.253
772.799	18.248
773.799	18.244
774.798	18.239
775.798	18.234
776.798	18.229
777.798	18.224
778.797	18.219
779.797	18.214
780.797	18.209
781.797	18.205
782.796	18.200
783.796	18.195
784.796	18.190
785.796	18.185
786.795	18.180
787.795	18.175
788.795	18.170
789.795	18.165
790.794	18.160
791.794	18.155
792.794	18.150
793.793	18.145
794.793	18.140
795.793	18.135
796.793	18.130
797.792	18.125
798.792	18.120
799.792	18.115
800.792	18.110
801.791	18.105
802.791	18.100
803.791	18.095
804.791	18.090
805.790	18.085
806.790	18.080
807.790	18.075
808.790	18.070
809.789	18.065
810.789	18.060
811.789	18.055
812.789	18.050
813.788	18.045
814.788	18.040
815.788	18.035
816.787	18.030
817.787	18.025
818.787	18.019
819.787	18.014
820.786	18.009
821.786	18.004
822.786	17.999
823.786	17.994
824.785	17.989
825.785	17.984
826.785	17.978
827.785	17.973
828.784	17.968
829.784	17.963
830.784	17.958
831.784	17.953
832.783	17.947
833.783	17.942
834.783	17.937
835.783	17.932
836.782	17.927
837.782	17.921
838.782	17.916
839.781	17.911
840.781	17.906
841.781	17.901
842.781	17.895
843.780	17.890
844.780	17.885
845.780	17.880
846.780	17.874
847.779	17.869
848.779	17.864
849.779	17.858
850.779	17.853
851.778	17.848
852.778	17.843
853.778	17.837
854.778	17.832
855.777	17.827
856.777	17.821
857.777	17.816
858.777	17.811
859.776	17.805
860.776	17.800
861.776	17.795
862.776	17.789
863.775	17.784
864.775	17.779
865.775	17.773
866.774	17.768
867.774	17.762
868.774	17.757
869.774	17.752
870.773	17.746
871.773	17.741
872.773	17.736
873.773	17.731
874.772	17.725
875.772	17.720
876.772	17.715
877.772	17.710
878.771	17.704
879.771	17.699
880.771	17.694
881.771	17.689
882.770	17.683
883.770	17.678
884.770	17.673
885.770	17.668
886.769	17.662
887.769	17.657
888.769	17.652
889.768	17.647
890.768	17.642
891.768	17.636
892.768	17.631
893.767	17.626
894.767	17.621
895.767	17.616
896.767	17.610
897.766	17.605
898.766	17.600
899.766	17.595
900.766	17.590
901.765	17.584
902.765	17.579
903.765	17.574
904.765	17.569
905.764	17.564
906.764	17.558
907.764	17.553
908.764	17.548
909.763	17.543
910.763	17.538
911.763	17.532
912.763	17.527
913.762	17.522
914.762	17.517
915.762	17.511
916.761	17.506
917.761	17.501
918.761	17.496
919.761	17.490
920.760	17.485
921.760	17.480
922.760	17.475
923.760	17.470
924.759	17.464
925.759	17.459
926.759	17.454
927.759	17.449
928.758	17.443
929.758	17.438
930.758	17.433
931.758	17.428
932.757	17.422
933.757	17.417
934.757	17.412
935.757	17.407
936.756	17.401
937.756	17.396
938.756	17.391
939.755	17.385
940.755	17.380
941.755	17.375
942.755	17.370
943.754	17.364
944.754	17.359
945.754	17.354
946.754	17.349
947.753	17.343
948.753	17.338
949.753	17.333
950.753	17.327
951.752	17.322
952.752	17.317
953.752	17.312
954.752	17.306
955.751	17.301
956.751	17.296
957.751	17.290
958.751	17.285
959.750	17.280
960.750	17.275
961.750	17.269
962.750	17.264
963.749	17.259
964.749	17.253
965.749	17.248
966.748	17.243
967.748	17.237
968.748	17.232
969.748	17.226
970.747	17.221
971.747	17.216
972.747	17.210
973.747	17.205
974.746	17.199
975.746	17.194
976.746	17.188
977.746	17.183
978.745	17.177
979.745	17.172
980.745	17.167
981.745	17.161
982.744	17.156
983.744	17.150
984.744	17.145
985.744	17.139
986.743	17.134
987.743	17.128
988.743	17.123
989.742	17.117
990.742	17.112
991.742	17.107
992.742	17.101
993.741	17.096
994.741	17.090
995.741	17.085
996.741	17.079
997.740	17.074
998.740	17.068
999.740	17.063
1000.740	17.057
1001.739	17.052
1002.739	17.047
1003.739	17.041
1004.739	17.036
1005.738	17.030
1006.738	17.025
1007.738	17.019
1008.738	17.014
1009.737	17.008
1010.737	17.003
1011.737	16.998
1012.736	16.992
1013.736	16.987
1014.736	16.981
1015.736	16.976
1016.735	16.970
1017.735	16.965
1018.735	16.959
1019.735	16.954
1020.734	16.948
1021.734	16.943
1022.734	16.938
1023.734	16.932
1024.733	16.927
1025.733	16.921
1026.733	16.916
1027.733	16.910
1028.732	16.905
1029.732	16.899
1030.732	16.894
1031.732	16.888
1032.731	16.883
1033.731	16.878
1034.731	16.872
1035.731	16.867
1036.730	16.861
1037.730	16.856
1038.730	16.850
1039.729	16.845
1040.729	16.839
1041.729	16.834
1042.729	16.828
1043.728	16.823
1044.728	16.818
1045.728	16.812
1046.728	16.807
1047.727	16.801
1048.727	16.796
1049.727	16.790
1050.727	16.785
1051.726	16.779
1052.726	16.774
1053.726	16.769
1054.726	16.763
1055.725	16.758
1056.725	16.752
1057.725	16.747
1058.725	16.741
1059.724	16.736
1060.724	16.730
1061.724	16.725
1062.723	16.719
1063.723	16.714
1064.723	16.709
1065.723	16.703
1066.722	16.698
1067.722	16.692
1068.722	16.687
1069.722	16.682
1070.721	16.677
1071.721	16.671
1072.721	16.666
1073.721	16.661
1074.720	16.656
1075.720	16.651
1076.720	16.645
1077.720	16.640
1078.719	16.635
1079.719	16.630
1080.719	16.624
1081.719	16.619
1082.718	16.614
1083.718	16.609
1084.718	16.603
1085.718	16.598
1086.717	16.593
1087.717	16.588
1088.717	16.582
1089.716	16.577
1090.716	16.572
1091.716	16.567
1092.716	16.561
1093.715	16.556
1094.715	16.551
1095.715	16.546
1096.715	16.540
1097.714	16.535
1098.714	16.530
1099.714	16.525
1100.714	16.519
1101.713	16.514
1102.713	16.509
1103.713	16.504
1104.713	16.498
1105.712	16.493
1106.712	16.488
1107.712	16.483
1108.712	16.477
1109.711	16.472
1110.711	16.467
1111.711	16.462
1112.710	16.456
1113.710	16.451
1114.710	16.446
1115.710	16.441
1116.709	16.435
1117.709	16.430
1118.709	16.425
1119.709	16.420
1120.708	16.414
1121.708	16.409
1122.708	16.404
1123.708	16.399
1124.707	16.393
1125.707	16.388
1126.707	16.383
1127.707	16.378
1128.706	16.372
1129.706	16.367
1130.706	16.362
1131.706	16.357
1132.705	16.351
1133.705	16.346
1134.705	16.341
1135.704	16.336
1136.704	16.330
1137.704	16.325
1138.704	16.320
1139.703	16.315
1140.703	16.309
1141.703	16.304
1142.703	16.298
1143.702	16.293
1144.702	16.288
1145.702	16.282
1146.702	16.277
1147.701	16.272
1148.701	16.266
1149.701	16.261
1150.701	16.256
1151.700	16.250
1152.700	16.245
1153.700	16.239
1154.700	16.234
1155.699	16.229
1156.699	16.223
1157.699	16.218
1158.699	16.213
1159.698	16.207
1160.698	16.202
1161.698	16.196
1162.697	16.191
1163.697	16.186
1164.697	16.180
1165.697	16.175
1166.696	16.171
1167.696	16.166
1168.696	16.161
1169.696	16.156
1170.695	16.151
1171.695	16.147
1172.695	16.142
1173.695	16.137
1174.694	16.132
1175.694	16.127
1176.694	16.122
1177.694	16.118
1178.693	16.113
1179.693	16.108
1180.693	16.103
1181.693	16.098
1182.692	16.093
1183.692	16.089
1184.692	16.084
1185.691	16.079
1186.691	16.074
1187.691	16.069
1188.691	16.064
1189.690	16.060
1190.690	16.055
1191.690	16.050
1192.690	16.045
1193.689	16.040
1194.689	16.035
1195.689	16.030
1196.689	16.026
1197.688	16.021
1198.688	16.016
1199.688	16.011
1200.688	16.006
1201.687	16.001
1202.687	15.996
1203.687	15.991
1204.687	15.987
1205.686	15.982
1206.686	15.977
1207.686	15.972
1208.686	15.967
1209.685	15.962
1210.685	15.957
1211.685	15.952
1212.684	15.947
1213.684	15.942
1214.684	15.938
1215.684	15.933
1216.683	15.928
1217.683	15.923
1218.683	15.918
1219.683	15.913
1220.682	15.908
1221.682	15.903
1222.682	15.898
1223.682	15.893
1224.681	15.888
1225.681	15.883
1226.681	15.878
1227.681	15.873
1228.680	15.869
1229.680	15.864
1230.680	15.859
1231.680	15.854
1232.679	15.849
1233.679	15.844
1234.679	15.839
1235.678	15.834
1236.678	15.829
1237.678	15.824
1238.678	15.819
1239.677	15.814
1240.677	15.809
1241.677	15.804
1242.677	15.799
1243.676	15.794
1244.676	15.789
1245.676	15.784
1246.676	15.779
1247.675	15.774
1248.675	15.769
1249.675	15.764
1250.675	15.759
1251.674	15.754
1252.674	15.749
1253.674	15.744
1254.674	15.739
1255.673	15.734
1256.673	15.729
1257.673	15.724
1258.673	15.719
1259.672	15.714
1260.672	15.709
1261.672	15.704
1262.671	15.699
1263.671	15.695
1264.671	15.696
1265.671	15.696
1266.670	15.697
1267.670	15.697
1268.670	15.698
1269.670	15.699
1270.669	15.699
1271.669	15.700
1272.669	15.700
1273.669	15.701
1274.668	15.702
1275.668	15.702
1276.668	15.703
1277.668	15.703
1278.667	15.704
1279.667	15.705
1280.667	15.705
1281.667	15.706
1282.666	15.706
1283.666	15.707
1284.666	15.708
1285.665	15.708
1286.665	15.709
1287.665	15.709
1288.665	15.710
1289.664	15.711
1290.664	15.711
1291.664	15.712
1292.664	15.712
1293.663	15.713
1294.663	15.714
1295.663	15.714
1296.663	15.715
1297.662	15.715
1298.662	15.716
1299.662	15.717
1300.662	15.717
1301.661	15.718
1302.661	15.718
1303.661	15.719
1304.661	15.720
1305.660	15.720
1306.660	15.721
1307.660	15.721
1308.659	15.722
1309.659	15.723
1310.659	15.723
1311.659	15.724
1312.658	15.724
1313.658	15.725
1314.658	15.726
1315.658	15.726
1316.657	15.727
1317.657	15.727
1318.657	15.728
1319.657	15.729
1320.656	15.729
1321.656	15.730
1322.656	15.730
1323.656	15.731
1324.655	15.732
1325.655	15.732
1326.655	15.733
1327.655	15.733
1328.654	15.734
1329.654	15.735
1330.654	15.735
1331.654	15.736
1332.653	15.736
1333.653	15.737
1334.653	15.738
1335.652	15.738
1336.652	15.739
1337.652	15.739
1338.652	15.740
1339.651	15.741
1340.651	15.741
1341.651	15.742
1342.651	15.742
1343.650	15.743
1344.650	15.744
1345.650	15.744
1346.650	15.745
1347.649	15.745
1348.649	15.746
1349.649	15.747
1350.649	15.747
1351.648	15.748
1352.648	15.748
1353.648	15.749
1354.648	15.750
1355.647	15.750
1356.647	15.751
1357.647	15.751
1358.646	15.752
1359.646	15.753
1360.646	15.753
1361.646	15.754
1362.645	15.751
1363.645	15.746
1364.645	15.741
1365.645	15.736
1366.644	15.731
1367.644	15.726
1368.644	15.721
1369.644	15.716
1370.643	15.711
1371.643	15.706
1372.643	15.701
1373.643	15.696
1374.642	15.691
1375.642	15.686
1376.642	15.681
1377.642	15.676
1378.641	15.671
1379.641	15.666
1380.641	15.661
1381.641	15.656
1382.640	15.651
1383.640	15.646
1384.640	15.641
1385.639	15.636
1386.639	15.631
1387.639	15.626
1388.639	15.621
1389.638	15.616
1390.638	15.611
1391.638	15.606
1392.638	15.601
1393.637	15.596
1394.637	15.591
1395.637	15.586
1396.637	15.581
1397.636	15.576
1398.636	15.571
1399.636	15.566
1400.636	15.561
1401.635	15.556
1402.635	15.551
1403.635	15.545
1404.635	15.540
1405.634	15.535
1406.634	15.530
1407.634	15.525
1408.633	15.520
1409.633	15.515
1410.633	15.510
1411.633	15.505
1412.632	15.500
1413.632	15.495
1414.632	15.489
1415.632	15.484
1416.631	15.479
1417.631	15.474
1418.631	15.469
1419.631	15.464
1420.630	15.459
1421.630	15.454
1422.630	15.449
1423.630	15.443
1424.629	15.438
1425.629	15.433
1426.629	15.428
1427.629	15.423
1428.628	15.418
1429.628	15.412
1430.628	15.407
1431.628	15.402
1432.627	15.397
1433.627	15.392
1434.627	15.387
1435.626	15.381
1436.626	15.376
1437.626	15.371
1438.626	15.366
1439.625	15.361
1440.625	15.356
1441.625	15.350
1442.625	15.345
1443.624	15.340
1444.624	15.335
1445.624	15.330
1446.624	15.324
1447.623	15.319
1448.623	15.314
1449.623	15.309
1450.623	15.303
1451.622	15.298
1452.622	15.293
1453.622	15.288
1454.622	15.283
1455.621	15.277
1456.621	15.272
1457.621	15.267
1458.620	15.262
1459.620	15.256
1460.620	15.251
1461.620	15.246
1462.619	15.240
1463.619	15.235
1464.619	15.230
1465.619	15.224
1466.618	15.219
1467.618	15.214
1468.618	15.208
1469.618	15.203
1470.617	15.198
1471.617	15.192
1472.617	15.187
1473.617	15.181
1474.616	15.176
1475.616	15.171
1476.616	15.165
1477.616	15.160
1478.615	15.154
1479.615	15.149
1480.615	15.143
1481.614	15.138
1482.614	15.133
1483.614	15.127
1484.614	15.122
1485.613	15.116
1486.613	15.111
1487.613	15.105
1488.613	15.100
1489.612	15.094
1490.612	15.089
1491.612	15.083
1492.612	15.078
1493.611	15.072
1494.611	15.066
1495.611	15.061
1496.611	15.055
1497.610	15.050
1498.610	15.044
1499.610	15.039
1500.610	15.033
1501.609	15.027
1502.609	15.022
1503.609	15.016
1504.609	15.011
1505.608	15.005
1506.608	14.999
1507.608	14.994
1508.607	14.988
1509.607	14.982
1510.607	14.977
1511.607	14.971
1512.606	14.965
1513.606	14.960
1514.606	14.954
1515.606	14.948
1516.605	14.943
1517.605	14.937
1518.605	14.931
1519.605	14.925
1520.604	14.920
1521.604	14.914
1522.604	14.908
1523.604	14.902
1524.603	14.897
1525.603	14.891
1526.603	14.885
1527.603	14.879
1528.602	14.873
1529.602	14.868
1530.602	14.862
1531.601	14.856
1532.601	14.850
1533.601	14.844
1534.601	14.838
1535.600	14.833
1536.600	14.827
1537.600	14.821
1538.600	14.815
1539.599	14.809
1540.599	14.803
1541.599	14.797
1542.599	14.791
1543.598	14.786
1544.598	14.780
1545.598	14.774
1546.598	14.768
1547.597	14.762
1548.597	14.756
1549.597	14.750
1550.597	14.744
1551.596	14.738
1552.596	14.732
1553.596	14.726
1554.596	14.720
1555.595	14.714
1556.595	14.708
1557.595	14.702
1558.594	14.696
1559.594	14.690
1560.594	14.683
1561.594	14.677
1562.593	14.670
1563.593	14.663
1564.593	14.657
1565.593	14.650
1566.592	14.643
1567.592	14.637
1568.592	14.630
1569.592	14.623
1570.591	14.616
1571.591	14.610
1572.591	14.603
1573.591	14.596
1574.590	14.589
1575.590	14.583
1576.590	14.576
1577.590	14.569
1578.589	14.562
1579.589	14.555
1580.589	14.548
1581.588	14.541
1582.588	14.535
1583.588	14.528
1584.588	14.521
1585.587	14.514
1586.587	14.507
1587.587	14.500
1588.587	14.493
1589.586	14.486
1590.586	14.479
1591.586	14.472
1592.586	14.465
1593.585	14.458
1594.585	14.451
1595.585	14.444
1596.585	14.437
1597.584	14.429
1598.584	14.422
1599.584	14.415
1600.584	14.408
1601.583	14.401
1602.583	14.394
1603.583	14.387
1604.583	14.379
1605.582	14.372
1606.582	14.365
1607.582	14.358
1608.581	14.350
1609.581	14.343
1610.581	14.336
1611.581	14.329
1612.580	14.321
1613.580	14.314
1614.580	14.307
1615.580	14.299
1616.579	14.292
1617.579	14.284
1618.579	14.277
1619.579	14.270
1620.578	14.262
1621.578	14.255
1622.578	14.247
1623.578	14.240
1624.577	14.232
1625.577	14.225
1626.577	14.217
1627.577	14.210
1628.576	14.202
1629.576	14.195
1630.576	14.187
1631.575	14.180
1632.575	14.172
1633.575	14.165
1634.575	14.157
1635.574	14.149
1636.574	14.142
1637.574	14.134
1638.574	14.126
1639.573	14.119
1640.573	14.111
1641.573	14.103
1642.573	14.096
1643.572	14.088
1644.572	14.080
1645.572	14.073
1646.572	14.065
1647.571	14.057
1648.571	14.049
1649.571	14.042
1650.571	14.034
1651.570	14.026
1652.570	14.018
1653.570	14.011
1654.569	14.003
1655.569	13.995
1656.569	13.987
1657.569	13.979
1658.568	13.969
1659.568	13.960
1660.568	13.950
1661.568	13.940
1662.567	13.930
1663.567	13.920
1664.567	13.910
1665.567	13.900
1666.566	13.890
1667.566	13.880
1668.566	13.870
1669.566	13.860
1670.565	13.850
1671.565	13.840
1672.565	13.830
1673.565	13.820
1674.564	13.810
1675.564	13.800
1676.564	13.790
1677.564	13.780
1678.563	13.770
1679.563	13.760
1680.563	13.750
1681.562	13.740
1682.562	13.730
1683.562	13.719
1684.562	13.709
1685.561	13.699
1686.561	13.689
1687.561	13.679
1688.561	13.669
1689.560	13.658
1690.560	13.648
1691.560	13.638
1692.560	13.628
1693.559	13.618
1694.559	13.607
1695.559	13.597
1696.559	13.587
1697.558	13.577
1698.558	13.566
1699.558	13.556
1700.558	13.546
1701.557	13.535
1702.557	13.525
1703.557	13.515
1704.556	13.504
1705.556	13.494
1706.556	13.484
1707.556	13.473
1708.555	13.463
1709.555	13.452
1710.555	13.442
1711.555	13.432
1712.554	13.421
1713.554	13.411
1714.554	13.400
1715.554	13.390
1716.553	13.379
1717.553	13.369
1718.553	13.358
1719.553	13.348
1720.552	13.337
1721.552	13.327
1722.552	13.316
1723.552	13.306
1724.551	13.295
1725.551	13.285
1726.551	13.274
1727.551	13.263
1728.550	13.253
1729.550	13.242
1730.550	13.231
1731.549	13.221
1732.549	13.210
1733.549	13.200
1734.549	13.189
1735.548	13.178
1736.548	13.168
1737.548	13.157
1738.548	13.146
1739.547	13.135
1740.547	13.125
1741.547	13.114
1742.547	13.103
1743.546	13.092
1744.546	13.082
1745.546	13.071
1746.546	13.060
1747.545	13.049
1748.545	13.038
1749.545	13.028
1750.545	13.017
1751.544	13.006
1752.544	12.995
1753.544	12.984
1754.543	12.973
1755.543	12.962
1756.543	12.957
1757.543	12.956
1758.542	12.955
1759.542	12.954
1760.542	12.953
1761.542	12.952
1762.541	12.951
1763.541	12.950
1764.541	12.949
1765.541	12.948
1766.540	12.946
1767.540	12.945
1768.540	12.944
1769.540	12.943
1770.539	12.942
1771.539	12.941
1772.539	12.940
1773.539	12.939
1774.538	12.938
1775.538	12.937
1776.538	12.936
1777.537	12.935
1778.537	12.934
1779.537	12.933
1780.537	12.932
1781.536	12.931
1782.536	12.930
1783.536	12.929
1784.536	12.928
1785.535	12.927
1786.535	12.926
1787.535	12.925
1788.535	12.924
1789.534	12.923
1790.534	12.921
1791.534	12.920
1792.534	12.919
1793.533	12.918
1794.533	12.917
1795.533	12.916
1796.533	12.915
1797.532	12.914
1798.532	12.913
1799.532	12.912
1800.532	12.911
1801.531	12.910
1802.531	12.909
1803.531	12.908
1804.530	12.907
1805.530	12.906
1806.530	12.905
1807.530	12.904
1808.529	12.903
1809.529	12.902
1810.529	12.901
1811.529	12.900
1812.528	12.899
1813.528	12.898
1814.528	12.897
1815.528	12.895
1816.527	12.894
1817.527	12.893
1818.527	12.892
1819.527	12.891
1820.526	12.890
1821.526	12.889
1822.526	12.888
1823.526	12.887
1824.525	12.886
1825.525	12.885
1826.525	12.884
1827.524	12.883
1828.524	12.882
1829.524	12.881
1830.524	12.880
1831.523	12.879
1832.523	12.878
1833.523	12.877
1834.523	12.876
1835.522	12.875
1836.522	12.874
1837.522	12.873
1838.522	12.872
1839.521	12.870
1840.521	12.869
1841.521	12.868
1842.521	12.867
1843.520	12.866
1844.520	12.865
1845.520	12.864
1846.520	12.863
1847.519	12.862
1848.519	12.861
1849.519	12.860
1850.519	12.859
1851.518	12.858
1852.518	12.857
1853.518	12.856
1854.517	12.855
1855.517	12.841
1856.517	12.827
1857.517	12.813
1858.516	12.799
1859.516	12.785
1860.516	12.771
1861.516	12.756
1862.515	12.742
1863.515	12.728
1864.515	12.714
1865.515	12.700
1866.514	12.686
1867.514	12.672
1868.514	12.658
1869.514	12.644
1870.513	12.630
1871.513	12.616
1872.513	12.602
1873.513	12.588
1874.512	12.574
1875.512	12.560
1876.512	12.546
1877.511	12.532
1878.511	12.518
1879.511	12.504
1880.511	12.490
1881.510	12.476
1882.510	12.462
1883.510	12.448
1884.510	12.434
1885.509	12.420
1886.509	12.406
1887.509	12.392
1888.509	12.377
1889.508	12.362
1890.508	12.348
1891.508	12.333
1892.508	12.318
1893.507	12.303
1894.507	12.288
1895.507	12.274
1896.507	12.259
1897.506	12.244
1898.506	12.229
1899.506	12.214
1900.506	12.200
1901.505	12.185
1902.505	12.170
1903.505	12.155
1904.504	12.140
1905.504	12.126
1906.504	12.111
1907.504	12.096
1908.503	12.081
1909.503	12.066
1910.503	12.051
1911.503	12.037
1912.502	12.022
1913.502	12.007
1914.502	11.992
1915.502	11.977
1916.501	11.962
1917.501	11.947
1918.501	11.933
1919.501	11.918
1920.500	11.903
1921.500	11.888
1922.500	11.873
1923.500	11.858
1924.499	11.843
1925.499	11.828
1926.499	11.814
1927.498	11.799
1928.498	11.784
1929.498	11.769
1930.498	11.754
1931.497	11.739
1932.497	11.724
1933.497	11.709
1934.497	11.694
1935.496	11.679
1936.496	11.664
1937.496	11.650
1938.496	11.635
1939.495	11.620
1940.495	11.605
1941.495	11.590
1942.495	11.575
1943.494	11.560
1944.494	11.545
1945.494	11.530
1946.494	11.515
1947.493	11.500
1948.493	11.485
1949.493	11.470
1950.492	11.455
1951.492	11.440
1952.492	11.425
1953.492	11.408
1954.491	11.389
1955.491	11.369
1956.491	11.350
1957.491	11.331
1958.490	11.312
1959.490	11.292
1960.490	11.273
1961.490	11.254
1962.489	11.235
1963.489	11.216
1964.489	11.197
1965.489	11.178
1966.488	11.159
1967.488	11.140
1968.488	11.121
1969.488	11.103
1970.487	11.084
1971.487	11.065
1972.487	11.046
1973.487	11.028
1974.486	11.009
1975.486	10.991
1976.486	10.972
1977.485	10.954
1978.485	10.935
1979.485	10.917
1980.485	10.898
1981.484	10.880
1982.484	10.862
1983.484	10.843
1984.484	10.825
1985.483	10.807
1986.483	10.789
1987.483	10.771
1988.483	10.753
1989.482	10.735
1990.482	10.717
1991.482	10.699
1992.482	10.681
1993.481	10.663
1994.481	10.645
1995.481	10.627
1996.481	10.609
1997.480	10.592
1998.480	10.574
1999.480	10.556
2000.479	10.539
2001.479	10.521
2002.479	10.504
2003.479	10.486
2004.478	10.469
2005.478	10.451
2006.478	10.434
2007.478	10.416
2008.477	10.399
2009.477	10.382
2010.477	10.365
2011.477	10.347
2012.476	10.330
2013.476	10.313
2014.476	10.296
2015.476	10.279
2016.475	10.262
2017.475	10.245
2018.475	10.228
2019.475	10.211
2020.474	10.194
2021.474	10.177
2022.474	10.161
2023.474	10.144
2024.473	10.127
2025.473	10.111
2026.473	10.094
2027.472	10.077
2028.472	10.061
2029.472	10.044
2030.472	10.028
2031.471	10.011
2032.471	9.995
2033.471	9.979
2034.471	9.962
2035.470	9.946
2036.470	9.930
2037.470	9.914
2038.470	9.897
2039.469	9.881
2040.469	9.865
2041.469	9.849

