X	Graphic Profile 1
0.000	-6.125
0.999	-6.137
1.997	-6.145
2.996	-6.214
3.995	-6.224
4.994	-6.176
5.992	-6.129
6.991	-6.103
7.990	-6.121
8.989	-6.154
9.987	-6.182
10.986	-6.188
11.985	-6.159
12.984	-6.108
13.982	-5.955
14.981	-5.795
15.980	-5.673
16.978	-5.553
17.977	-5.629
18.976	-5.776
19.975	-5.819
20.973	-5.833
21.972	-5.842
22.971	-5.849
23.970	-5.843
24.968	-5.823
25.967	-5.788
26.966	-5.752
27.965	-5.716
28.963	-5.681
29.962	-5.593
30.961	-5.418
31.959	-5.358
32.958	-5.425
33.957	-5.443
34.956	-5.383
35.954	-5.273
36.953	-5.167
37.952	-5.113
38.951	-5.116
39.949	-5.111
40.948	-5.096
41.947	-5.124
42.946	-5.101
43.944	-5.038
44.943	-5.164
45.942	-5.013
46.940	-4.983
47.939	-5.036
48.938	-5.040
49.937	-5.051
50.935	-5.113
51.934	-5.036
52.933	-4.929
53.932	-4.974
54.930	-5.068
55.929	-4.928
56.928	-4.862
57.927	-5.047
58.925	-4.975
59.924	-4.803
60.923	-4.864
61.922	-4.807
62.920	-5.064
63.919	-4.815
64.918	-4.726
65.916	-4.798
66.915	-4.757
67.914	-4.673
68.913	-4.918
69.911	-5.027
70.910	-4.950
71.909	-4.864
72.908	-4.831
73.906	-4.777
74.905	-4.670
75.904	-4.622
76.903	-4.708
77.901	-4.824
78.900	-4.814
79.899	-4.764
80.897	-4.737
81.896	-4.736
82.895	-4.731
83.894	-4.801
84.892	-4.914
85.891	-4.875
86.890	-4.827
87.889	-4.712
88.887	-4.730
89.886	-4.853
90.885	-4.819
91.884	-4.706
92.882	-4.741
93.881	-4.617
94.880	-4.692
95.878	-4.694
96.877	-4.676
97.876	-4.663
98.875	-4.679
99.873	-4.719
100.872	-4.708
101.871	-4.728
102.870	-4.773
103.868	-4.789
104.867	-4.745
105.866	-4.705
106.865	-4.771
107.863	-4.877
108.862	-4.791
109.861	-4.726
110.859	-4.902
111.858	-4.790
112.857	-4.643
113.856	-4.616
114.854	-4.709
115.853	-4.735
116.852	-4.700
117.851	-4.682
118.849	-4.786
119.848	-4.787
120.847	-4.762
121.846	-4.678
122.844	-4.581
123.843	-4.580
124.842	-4.683
125.840	-4.672
126.839	-4.653
127.838	-4.683
128.837	-4.665
129.835	-4.661
130.834	-4.787
131.833	-4.777
132.832	-4.747
133.830	-4.803
134.829	-4.730
135.828	-4.629
136.827	-4.724
137.825	-4.579
138.824	-4.437
139.823	-4.566
140.821	-4.437
141.820	-4.591
142.819	-4.705
143.818	-4.724
144.816	-4.630
145.815	-4.638
146.814	-4.585
147.813	-4.618
148.811	-4.688
149.810	-4.653
150.809	-4.574
151.808	-4.524
152.806	-4.551
153.805	-4.559
154.804	-4.383
155.803	-4.412
156.801	-4.426
157.800	-4.374
158.799	-4.254
159.797	-4.428
160.796	-4.362
161.795	-4.328
162.794	-4.347
163.792	-4.323
164.791	-4.350
165.790	-4.462
166.789	-4.501
167.787	-4.430
168.786	-4.301
169.785	-4.314
170.784	-4.397
171.782	-4.411
172.781	-4.353
173.780	-4.318
174.778	-4.341
175.777	-4.318
176.776	-4.266
177.775	-4.220
178.773	-4.244
179.772	-4.269
180.771	-4.280
181.770	-4.260
182.768	-4.299
183.767	-4.324
184.766	-4.339
185.765	-4.383
186.763	-4.285
187.762	-4.169
188.761	-4.154
189.759	-4.311
190.758	-4.368
191.757	-4.345
192.756	-4.336
193.754	-4.234
194.753	-4.180
195.752	-4.157
196.751	-4.257
197.749	-4.291
198.748	-4.206
199.747	-4.217
200.746	-4.238
201.744	-4.115
202.743	-4.103
203.742	-4.171
204.740	-4.236
205.739	-4.229
206.738	-4.150
207.737	-4.114
208.735	-4.148
209.734	-4.083
210.733	-3.933
211.732	-3.992
212.730	-3.962
213.729	-3.909
214.728	-3.865
215.727	-3.850
216.725	-3.839
217.724	-3.827
218.723	-3.827
219.721	-3.782
220.720	-3.759
221.719	-3.754
222.718	-3.748
223.716	-3.743
224.715	-3.740
225.714	-3.736
226.713	-3.732
227.711	-3.728
228.710	-3.726
229.709	-3.724
230.708	-3.677
231.706	-3.527
232.705	-3.503
233.704	-3.479
234.702	-3.455
235.701	-3.431
236.700	-3.407
237.699	-3.373
238.697	-3.355
239.696	-3.330
240.695	-3.264
241.694	-3.173
242.692	-3.088
243.691	-3.053
244.690	-3.000
245.689	-2.888
246.687	-2.770
247.686	-2.653
248.685	-2.536
249.683	-2.464
250.682	-2.453
251.681	-2.455
252.680	-2.446
253.678	-2.423
254.677	-2.465
255.676	-2.443
256.675	-2.410
257.673	-2.314
258.672	-2.190
259.671	-1.899
260.670	-2.097
261.668	-2.179
262.667	-1.939
263.666	-1.954
264.665	-2.160
265.663	-2.205
266.662	-2.195
267.661	-2.024
268.659	-1.886
269.658	-1.843
270.657	-1.772
271.656	-1.656
272.654	-1.558
273.653	-1.530
274.652	-1.612
275.651	-1.574
276.649	-1.561
277.648	-1.560
278.647	-1.566
279.646	-1.561
280.644	-1.557
281.643	-1.442
282.642	-1.379
283.640	-1.189
284.639	-1.209
285.638	-1.235
286.637	-1.229
287.635	-1.228
288.634	-1.207
289.633	-1.216
290.632	-1.173
291.630	-1.108
292.629	-0.899
293.628	-0.846
294.627	-0.860
295.625	-0.807
296.624	-0.851
297.623	-0.941
298.621	-0.953
299.620	-0.990
300.619	-1.032
301.618	-0.960
302.616	-0.846
303.615	-0.830
304.614	-0.872
305.613	-0.890
306.611	-0.937
307.610	-0.950
308.609	-0.942
309.608	-0.936
310.606	-1.007
311.605	-1.013
312.604	-1.050
313.602	-0.970
314.601	-0.889
315.600	-0.921
316.599	-0.830
317.597	-0.755
318.596	-0.811
319.595	-0.847
320.594	-0.741
321.592	-0.673
322.591	-0.647
323.590	-0.680
324.589	-0.683
325.587	-0.615
326.586	-0.439
327.585	-0.183
328.583	-0.277
329.582	-0.358
330.581	-0.251
331.580	-0.267
332.578	-0.253
333.577	-0.363
334.576	-0.378
335.575	-0.408
336.573	-0.351
337.572	-0.308
338.571	-0.280
339.570	-0.245
340.568	-0.271
341.567	-0.333
342.566	-0.364
343.564	-0.341
344.563	-0.328
345.562	-0.291
346.561	-0.300
347.559	-0.374
348.558	-0.432
349.557	-0.490
350.556	-0.502
351.554	-0.543
352.553	-0.486
353.552	-0.444
354.551	-0.399
355.549	-0.434
356.548	-0.392
357.547	-0.402
358.545	-0.411
359.544	-0.407
360.543	-0.366
361.542	-0.212
362.540	-0.233
363.539	-0.167
364.538	-0.175
365.537	-0.199
366.535	-0.187
367.534	-0.206
368.533	-0.189
369.532	-0.184
370.530	-0.205
371.529	-0.198
372.528	-0.238
373.527	-0.238
374.525	-0.149
375.524	-0.079
376.523	-0.057
377.521	-0.038
378.520	0.038
379.519	0.083
380.518	0.186
381.516	0.277
382.515	0.227
383.514	0.250
384.513	0.361
385.511	0.449
386.510	0.434
387.509	0.426
388.508	0.519
389.506	0.614
390.505	0.676
391.504	0.763
392.502	0.892
393.501	1.021
394.500	1.161
395.499	1.332
396.497	1.460
397.496	1.581
398.495	1.739
399.494	1.907
400.492	1.934
401.491	2.060
402.490	2.235
403.489	2.659
404.487	2.694
405.486	2.922
406.485	2.680
407.483	3.460
408.482	3.192
409.481	3.227
410.480	3.642
411.478	3.592
412.477	4.338
413.476	4.438
414.475	4.814
415.473	5.048
416.472	5.121
417.471	5.420
418.470	5.742
419.468	5.773
420.467	5.768
421.466	5.969
422.464	12.118
423.463	30.105
424.462	46.522
425.461	48.969
426.459	51.739
427.458	55.951
428.457	58.023
429.456	59.251
430.454	60.379
431.453	61.382
432.452	62.448
433.451	63.760
434.449	65.036
435.448	65.310
436.447	65.348
437.445	65.241
438.444	65.122
439.443	65.210
440.442	65.412
441.440	65.435
442.439	65.331
443.438	65.238
444.437	65.530
445.435	65.372
446.434	65.007
447.433	65.147
448.432	65.393
449.430	65.289
450.429	65.236
451.428	65.207
452.426	65.368
453.425	64.950
454.424	65.448
455.423	64.811
456.421	65.187
457.420	65.288
458.419	65.371
459.418	64.943
460.416	65.307
461.415	65.277
462.414	65.303
463.413	65.461
464.411	65.179
465.410	65.111
466.409	64.841
467.408	65.016
468.406	65.438
469.405	65.046
470.404	64.467
471.402	64.456
472.401	64.445
473.400	64.439
474.399	64.375
475.397	64.366
476.396	64.363
477.395	64.350
478.394	64.340
479.392	64.336
480.391	64.261
481.390	64.287
482.389	64.259
483.387	64.240
484.386	64.214
485.385	64.210
486.383	64.197
487.382	64.182
488.381	64.152
489.380	64.116
490.378	64.115
491.377	64.115
492.376	64.064
493.375	64.030
494.373	64.035
495.372	64.035
496.371	64.024
497.370	63.973
498.368	63.940
499.367	63.949
500.366	63.910
501.364	63.904
502.363	63.856
503.362	63.859
504.361	63.887
505.359	63.833
506.358	63.812
507.357	63.808
508.356	63.786
509.354	63.773
510.353	63.765
511.352	63.746
512.351	63.741
513.349	63.702
514.348	63.677
515.347	63.677
516.345	63.641
517.344	63.622
518.343	63.619
519.342	63.572
520.340	63.537
521.339	63.523
522.338	63.495
523.337	63.471
524.335	63.501
525.334	63.485
526.333	63.464
527.332	63.421
528.330	63.362
529.329	63.368
530.328	63.321
531.326	63.298
532.325	63.270
533.324	63.212
534.323	63.250
535.321	63.190
536.320	63.203
537.319	63.187
538.318	63.137
539.316	63.144
540.315	63.114
541.314	63.058
542.313	63.025
543.311	63.009
544.310	63.001
545.309	62.974
546.307	62.920
547.306	62.885
548.305	62.850
549.304	62.832
550.302	62.788
551.301	62.770
552.300	62.718
553.299	62.667
554.297	62.637
555.296	62.616
556.295	62.569
557.294	62.559
558.292	62.535
559.291	62.538
560.290	62.480
561.288	62.478
562.287	62.420
563.286	62.438
564.285	62.470
565.283	62.454
566.282	62.429
567.281	62.393
568.280	62.391
569.278	62.372
570.277	62.332
571.276	62.327
572.275	62.270
573.273	62.262
574.272	62.234
575.271	62.177
576.270	62.214
577.268	62.158
578.267	62.184
579.266	62.132
580.264	62.094

