0	-20.057
1	-20.055
2	-20.054
3	-20.052
4	-20.051
5	-20.049
6	-20.047
7	-20.046
8	-20.044
9	-20.042
10	-20.04
11	-20.038
12	-20.036
13	-20.034
14	-20.031
15	-20.029
16	-20.027
16.999	-20.024
17.999	-20.022
18.999	-20.019
19.999	-20.016
20.999	-20.013
21.999	-20.011
22.999	-20.007
23.999	-20
24.999	-19.994
25.999	-19.987
26.999	-19.981
27.999	-19.974
28.999	-19.968
29.999	-19.961
30.999	-19.955
31.999	-19.948
32.999	-19.942
33.999	-19.935
34.999	-19.928
35.999	-19.922
36.999	-19.915
37.999	-19.908
38.999	-19.902
39.999	-19.895
40.999	-19.888
41.999	-19.882
42.999	-19.875
43.999	-19.868
44.999	-19.861
45.999	-19.855
46.999	-19.848
47.999	-19.841
48.999	-19.834
49.999	-19.827
50.998	-19.82
51.998	-19.814
52.998	-19.807
53.998	-19.8
54.998	-19.793
55.998	-19.786
56.998	-19.783
57.998	-19.781
58.998	-19.778
59.998	-19.775
60.998	-19.773
61.998	-19.77
62.998	-19.768
63.998	-19.766
64.998	-19.763
65.998	-19.761
66.998	-19.759
67.998	-19.756
68.998	-19.754
69.998	-19.752
70.998	-19.75
71.998	-19.748
72.998	-19.745
73.998	-19.743
74.998	-19.741
75.998	-19.739
76.998	-19.737
77.998	-19.735
78.998	-19.734
79.998	-19.732
80.998	-19.73
81.998	-19.728
82.998	-19.727
83.998	-19.725
84.997	-19.723
85.997	-19.722
86.997	-19.72
87.997	-19.718
88.997	-19.717
89.997	-19.716
90.997	-19.714
91.997	-19.713
92.997	-19.711
93.997	-19.71
94.997	-19.709
95.997	-19.707
96.997	-19.706
97.997	-19.705
98.997	-19.704
99.997	-19.703
100.997	-19.702
101.997	-19.701
102.997	-19.7
103.997	-19.699
104.997	-19.698
105.997	-19.697
106.997	-19.696
107.997	-19.695
108.997	-19.694
109.997	-19.694
110.997	-19.693
111.997	-19.692
112.997	-19.692
113.997	-19.691
114.997	-19.69
115.997	-19.69
116.997	-19.689
117.997	-19.689
118.996	-19.689
119.996	-19.688
120.996	-19.688
121.996	-19.687
122.996	-19.687
123.996	-19.687
124.996	-19.687
125.996	-19.687
126.996	-19.686
127.996	-19.686
128.996	-19.686
129.996	-19.686
130.996	-19.686
131.996	-19.686
132.996	-19.686
133.996	-19.687
134.996	-19.687
135.996	-19.687
136.996	-19.687
137.996	-19.687
138.996	-19.688
139.996	-19.688
140.996	-19.688
141.996	-19.688
142.996	-19.688
143.996	-19.688
144.996	-19.688
145.996	-19.687
146.996	-19.687
147.996	-19.687
148.996	-19.687
149.996	-19.686
150.996	-19.686
151.996	-19.685
152.995	-19.685
153.995	-19.685
154.995	-19.684
155.995	-19.684
156.995	-19.683
157.995	-19.683
158.995	-19.682
159.995	-19.682
160.995	-19.681
161.995	-19.681
162.995	-19.68
163.995	-19.679
164.995	-19.679
165.995	-19.678
166.995	-19.678
167.995	-19.677
168.995	-19.676
169.995	-19.676
170.995	-19.675
171.995	-19.674
172.995	-19.673
173.995	-19.673
174.995	-19.672
175.995	-19.671
176.995	-19.67
177.995	-19.669
178.995	-19.669
179.995	-19.668
180.995	-19.667
181.995	-19.666
182.995	-19.665
183.995	-19.664
184.995	-19.663
185.995	-19.662
186.994	-19.661
187.994	-19.66
188.994	-19.659
189.994	-19.658
190.994	-19.657
191.994	-19.656
192.994	-19.655
193.994	-19.654
194.994	-19.652
195.994	-19.651
196.994	-19.65
197.994	-19.649
198.994	-19.648
199.994	-19.647
200.994	-19.643
201.994	-19.638
202.994	-19.634
203.994	-19.63
204.994	-19.625
205.994	-19.621
206.994	-19.616
207.994	-19.612
208.994	-19.608
209.994	-19.603
210.994	-19.599
211.994	-19.594
212.994	-19.59
213.994	-19.585
214.994	-19.581
215.994	-19.577
216.994	-19.572
217.994	-19.568
218.994	-19.563
219.994	-19.559
220.993	-19.554
221.993	-19.55
222.993	-19.545
223.993	-19.541
224.993	-19.536
225.993	-19.532
226.993	-19.527
227.993	-19.523
228.993	-19.518
229.993	-19.514
230.993	-19.509
231.993	-19.505
232.993	-19.5
233.993	-19.495
234.993	-19.491
235.993	-19.486
236.993	-19.482
237.993	-19.477
238.993	-19.473
239.993	-19.468
240.993	-19.463
241.993	-19.459
242.993	-19.454
243.993	-19.45
244.993	-19.445
245.993	-19.44
246.993	-19.436
247.993	-19.431
248.993	-19.426
249.993	-19.422
250.993	-19.417
251.993	-19.412
252.993	-19.408
253.992	-19.403
254.992	-19.398
255.992	-19.394
256.992	-19.389
257.992	-19.384
258.992	-19.38
259.992	-19.375
260.992	-19.371
261.992	-19.367
262.992	-19.363
263.992	-19.36
264.992	-19.356
265.992	-19.352
266.992	-19.349
267.992	-19.345
268.992	-19.341
269.992	-19.338
270.992	-19.334
271.992	-19.331
272.992	-19.327
273.992	-19.324
274.992	-19.32
275.992	-19.317
276.992	-19.313
277.992	-19.31
278.992	-19.306
279.992	-19.303
280.992	-19.299
281.992	-19.296
282.992	-19.293
283.992	-19.29
284.992	-19.286
285.992	-19.283
286.992	-19.28
287.991	-19.277
288.991	-19.274
289.991	-19.27
290.991	-19.267
291.991	-19.264
292.991	-19.261
293.991	-19.258
294.991	-19.255
295.991	-19.252
296.991	-19.249
297.991	-19.246
298.991	-19.243
299.991	-19.24
300.991	-19.237
301.991	-19.234
302.991	-19.232
303.991	-19.229
304.991	-19.226
305.991	-19.223
306.991	-19.22
307.991	-19.218
308.991	-19.215
309.991	-19.212
310.991	-19.21
311.991	-19.207
312.991	-19.204
313.991	-19.202
314.991	-19.199
315.991	-19.197
316.991	-19.194
317.991	-19.192
318.991	-19.189
319.991	-19.187
320.991	-19.184
321.99	-19.182
322.99	-19.18
323.99	-19.177
324.99	-19.175
325.99	-19.173
326.99	-19.17
327.99	-19.168
328.99	-19.166
329.99	-19.164
330.99	-19.161
331.99	-19.159
332.99	-19.157
333.99	-19.155
334.99	-19.153
335.99	-19.151
336.99	-19.149
337.99	-19.147
338.99	-19.145
339.99	-19.143
340.99	-19.141
341.99	-19.139
342.99	-19.137
343.99	-19.135
344.99	-19.133
345.99	-19.13
346.99	-19.128
347.99	-19.125
348.99	-19.122
349.99	-19.12
350.99	-19.117
351.99	-19.114
352.99	-19.111
353.99	-19.108
354.99	-19.105
355.989	-19.102
356.989	-19.099
357.989	-19.095
358.989	-19.092
359.989	-19.088
360.989	-19.085
361.989	-19.081
362.989	-19.078
363.989	-19.074
364.989	-19.07
365.989	-19.067
366.989	-19.063
367.989	-19.059
368.989	-19.055
369.989	-19.051
370.989	-19.047
371.989	-19.043
372.989	-19.038
373.989	-19.034
374.989	-19.03
375.989	-19.025
376.989	-19.021
377.989	-19.016
378.989	-19.012
379.989	-19.01
380.989	-19.009
381.989	-19.007
382.989	-19.005
383.989	-19.004
384.989	-19.002
385.989	-19.001
386.989	-18.999
387.989	-18.998
388.989	-18.997
389.988	-18.996
390.988	-18.994
391.988	-18.993
392.988	-18.992
393.988	-18.991
394.988	-18.99
395.988	-18.989
396.988	-18.988
397.988	-18.988
398.988	-18.987
399.988	-18.986
400.988	-18.985
401.988	-18.985
402.988	-18.984
403.988	-18.984
404.988	-18.983
405.988	-18.983
406.988	-18.983
407.988	-18.982
408.988	-18.982
409.988	-18.982
410.988	-18.982
411.988	-18.982
412.988	-18.982
413.988	-18.982
414.988	-18.982
415.988	-18.982
416.988	-18.982
417.988	-18.983
418.988	-18.983
419.988	-18.983
420.988	-18.984
421.988	-18.984
422.988	-18.985
423.987	-18.985
424.987	-18.986
425.987	-18.986
426.987	-18.987
427.987	-18.988
428.987	-18.989
429.987	-18.99
430.987	-18.99
431.987	-18.991
432.987	-18.992
433.987	-18.994
434.987	-18.995
435.987	-18.996
436.987	-18.997
437.987	-18.998
438.987	-19
439.987	-19.001
440.987	-19.003
441.987	-19.004
442.987	-19.006
443.987	-19.007
444.987	-19.009
445.987	-19.011
446.987	-19.012
447.987	-19.014
448.987	-19.016
449.987	-19.018
450.987	-19.02
451.987	-19.022
452.987	-19.024
453.987	-19.026
454.987	-19.028
455.987	-19.031
456.986	-19.033
457.986	-19.035
458.986	-19.038
459.986	-19.04
460.986	-19.043
461.986	-19.045
462.986	-19.048
463.986	-19.051
464.986	-19.053
465.986	-19.056
466.986	-19.059
467.986	-19.062
468.986	-19.065
469.986	-19.068
470.986	-19.071
471.986	-19.074
472.986	-19.077
473.986	-19.08
474.986	-19.083
475.986	-19.087
476.986	-19.09
477.986	-19.093
478.986	-19.097
479.986	-19.1
480.986	-19.104
481.986	-19.107
482.986	-19.111
483.986	-19.115
484.986	-19.119
485.986	-19.122
486.986	-19.126
487.986	-19.13
488.986	-19.133
489.986	-19.134
490.985	-19.134
491.985	-19.135
492.985	-19.136
493.985	-19.137
494.985	-19.137
495.985	-19.138
496.985	-19.139
497.985	-19.137
498.985	-19.134
499.985	-19.13
500.985	-19.127
501.985	-19.123
502.985	-19.12
503.985	-19.116
504.985	-19.113
505.985	-19.109
506.985	-19.106
507.985	-19.102
508.985	-19.099
509.985	-19.095
510.985	-19.092
511.985	-19.088
512.985	-19.085
513.985	-19.081
514.985	-19.078
515.985	-19.075
516.985	-19.071
517.985	-19.068
518.985	-19.064
519.985	-19.061
520.985	-19.057
521.985	-19.054
522.985	-19.05
523.985	-19.047
524.984	-19.043
525.984	-19.04
526.984	-19.036
527.984	-19.033
528.984	-19.03
529.984	-19.026
530.984	-19.023
531.984	-19.019
532.984	-19.016
533.984	-19.012
534.984	-19.009
535.984	-19.005
536.984	-19.002
537.984	-18.998
538.984	-18.995
539.984	-18.991
540.984	-18.988
541.984	-18.984
542.984	-18.981
543.984	-18.977
544.984	-18.974
545.984	-18.971
546.984	-18.967
547.984	-18.964
548.984	-18.96
549.984	-18.957
550.984	-18.953
551.984	-18.95
552.984	-18.946
553.984	-18.943
554.984	-18.939
555.984	-18.936
556.984	-18.932
557.984	-18.929
558.983	-18.925
559.983	-18.922
560.983	-18.919
561.983	-18.915
562.983	-18.912
563.983	-18.908
564.983	-18.905
565.983	-18.901
566.983	-18.898
567.983	-18.894
568.983	-18.891
569.983	-18.887
570.983	-18.884
571.983	-18.88
572.983	-18.877
573.983	-18.873
574.983	-18.87
575.983	-18.866
576.983	-18.863
577.983	-18.86
578.983	-18.856
579.983	-18.853
580.983	-18.849
581.983	-18.846
582.983	-18.842
583.983	-18.839
584.983	-18.835
585.983	-18.832
586.983	-18.828
587.983	-18.825
588.983	-18.821
589.983	-18.818
590.983	-18.814
591.983	-18.811
592.982	-18.808
593.982	-18.804
594.982	-18.801
595.982	-18.797
596.982	-18.794
597.982	-18.79
598.982	-18.787
599.982	-18.783
600.982	-18.78
601.982	-18.776
602.982	-18.773
603.982	-18.769
604.982	-18.766
605.982	-18.762
606.982	-18.759
607.982	-18.756
608.982	-18.752
609.982	-18.749
610.982	-18.745
611.982	-18.742
612.982	-18.738
613.982	-18.735
614.982	-18.731
615.982	-18.728
616.982	-18.724
617.982	-18.721
618.982	-18.718
619.982	-18.715
620.982	-18.712
621.982	-18.709
622.982	-18.706
623.982	-18.703
624.982	-18.7
625.982	-18.698
626.981	-18.695
627.981	-18.693
628.981	-18.69
629.981	-18.688
630.981	-18.686
631.981	-18.684
632.981	-18.683
633.981	-18.685
634.981	-18.687
635.981	-18.689
636.981	-18.69
637.981	-18.692
638.981	-18.694
639.981	-18.696
640.981	-18.698
641.981	-18.7
642.981	-18.702
643.981	-18.705
644.981	-18.707
645.981	-18.709
646.981	-18.711
647.981	-18.713
648.981	-18.716
649.981	-18.718
650.981	-18.72
651.981	-18.723
652.981	-18.725
653.981	-18.728
654.981	-18.73
655.981	-18.733
656.981	-18.735
657.981	-18.738
658.981	-18.741
659.981	-18.743
660.98	-18.746
661.98	-18.749
662.98	-18.752
663.98	-18.754
664.98	-18.757
665.98	-18.76
666.98	-18.763
667.98	-18.766
668.98	-18.769
669.98	-18.772
670.98	-18.775
671.98	-18.778
672.98	-18.781
673.98	-18.785
674.98	-18.788
675.98	-18.791
676.98	-18.794
677.98	-18.798
678.98	-18.801
679.98	-18.804
680.98	-18.808
681.98	-18.811
682.98	-18.815
683.98	-18.818
684.98	-18.822
685.98	-18.825
686.98	-18.829
687.98	-18.833
688.98	-18.836
689.98	-18.84
690.98	-18.844
691.98	-18.848
692.98	-18.851
693.979	-18.855
694.979	-18.859
695.979	-18.863
696.979	-18.867
697.979	-18.871
698.979	-18.875
699.979	-18.879
700.979	-18.883
701.979	-18.888
702.979	-18.892
703.979	-18.896
704.979	-18.9
705.979	-18.905
706.979	-18.909
707.979	-18.913
708.979	-18.918
709.979	-18.922
710.979	-18.927
711.979	-18.931
712.979	-18.936
713.979	-18.94
714.979	-18.945
715.979	-18.949
716.979	-18.954
717.979	-18.959
718.979	-18.964
719.979	-18.968
720.979	-18.973
721.979	-18.978
722.979	-18.983
723.979	-18.988
724.979	-18.993
725.979	-18.998
726.979	-19.003
727.978	-19.008
728.978	-19.013
729.978	-19.018
730.978	-19.023
731.978	-19.029
732.978	-19.034
733.978	-19.039
734.978	-19.042
735.978	-19.031
736.978	-19.019
737.978	-19.007
738.978	-18.995
739.978	-18.983
740.978	-18.972
741.978	-18.96
742.978	-18.948
743.978	-18.936
744.978	-18.924
745.978	-18.912
746.978	-18.9
747.978	-18.888
748.978	-18.876
749.978	-18.863
750.978	-18.851
751.978	-18.839
752.978	-18.827
753.978	-18.815
754.978	-18.803
755.978	-18.79
756.978	-18.778
757.978	-18.766
758.978	-18.753
759.978	-18.741
760.978	-18.728
761.977	-18.716
762.977	-18.703
763.977	-18.691
764.977	-18.678
765.977	-18.666
766.977	-18.653
767.977	-18.64
768.977	-18.628
769.977	-18.615
770.977	-18.602
771.977	-18.589
772.977	-18.577
773.977	-18.564
774.977	-18.551
775.977	-18.538
776.977	-18.525
777.977	-18.51
778.977	-18.496
779.977	-18.482
780.977	-18.468
781.977	-18.454
782.977	-18.44
783.977	-18.426
784.977	-18.413
785.977	-18.4
786.977	-18.386
787.977	-18.373
788.977	-18.361
789.977	-18.348
790.977	-18.335
791.977	-18.323
792.977	-18.311
793.977	-18.299
794.977	-18.287
795.976	-18.275
796.976	-18.263
797.976	-18.252
798.976	-18.24
799.976	-18.229
800.976	-18.218
801.976	-18.207
802.976	-18.196
803.976	-18.186
804.976	-18.175
805.976	-18.165
806.976	-18.155
807.976	-18.145
808.976	-18.135
809.976	-18.125
810.976	-18.116
811.976	-18.106
812.976	-18.097
813.976	-18.088
814.976	-18.079
815.976	-18.07
816.976	-18.062
817.976	-18.053
818.976	-18.045
819.976	-18.037
820.976	-18.029
821.976	-18.021
822.976	-18.013
823.976	-18.005
824.976	-17.998
825.976	-17.991
826.976	-17.984
827.976	-17.977
828.976	-17.97
829.975	-17.963
830.975	-17.956
831.975	-17.95
832.975	-17.944
833.975	-17.938
834.975	-17.932
835.975	-17.926
836.975	-17.921
837.975	-17.915
838.975	-17.91
839.975	-17.905
840.975	-17.9
841.975	-17.895
842.975	-17.89
843.975	-17.885
844.975	-17.881
845.975	-17.877
846.975	-17.873
847.975	-17.869
848.975	-17.865
849.975	-17.861
850.975	-17.858
851.975	-17.854
852.975	-17.851
853.975	-17.852
854.975	-17.859
855.975	-17.865
856.975	-17.872
857.975	-17.879
858.975	-17.885
859.975	-17.892
860.975	-17.898
861.975	-17.905
862.975	-17.911
863.974	-17.918
864.974	-17.924
865.974	-17.931
866.974	-17.937
867.974	-17.944
868.974	-17.95
869.974	-17.957
870.974	-17.963
871.974	-17.97
872.974	-17.976
873.974	-17.982
874.974	-17.989
875.974	-17.995
876.974	-18.002
877.974	-18.008
878.974	-18.014
879.974	-18.021
880.974	-18.027
881.974	-18.033
882.974	-18.04
883.974	-18.046
884.974	-18.052
885.974	-18.058
886.974	-18.065
887.974	-18.071
888.974	-18.077
889.974	-18.083
890.974	-18.09
891.974	-18.096
892.974	-18.102
893.974	-18.108
894.974	-18.114
895.974	-18.12
896.973	-18.127
897.973	-18.133
898.973	-18.139
899.973	-18.145
900.973	-18.151
901.973	-18.157
902.973	-18.163
903.973	-18.169
904.973	-18.175
905.973	-18.181
906.973	-18.187
907.973	-18.193
908.973	-18.199
909.973	-18.205
910.973	-18.211
911.973	-18.217
912.973	-18.223
913.973	-18.229
914.973	-18.235
915.973	-18.241
916.973	-18.247
917.973	-18.253
918.973	-18.259
919.973	-18.264
920.973	-18.27
921.973	-18.265
922.973	-18.26
923.973	-18.255
924.973	-18.249
925.973	-18.244
926.973	-18.238
927.973	-18.233
928.973	-18.227
929.973	-18.221
930.972	-18.215
931.972	-18.209
932.972	-18.203
933.972	-18.197
934.972	-18.19
935.972	-18.184
936.972	-18.177
937.972	-18.171
938.972	-18.164
939.972	-18.157
940.972	-18.15
941.972	-18.143
942.972	-18.136
943.972	-18.129
944.972	-18.121
945.972	-18.113
946.972	-18.106
947.972	-18.098
948.972	-18.09
949.972	-18.082
950.972	-18.074
951.972	-18.066
952.972	-18.058
953.972	-18.05
954.972	-18.041
955.972	-18.033
956.972	-18.024
957.972	-18.015
958.972	-18.006
959.972	-17.997
960.972	-17.988
961.972	-17.979
962.972	-17.97
963.972	-17.96
964.971	-17.951
965.971	-17.941
966.971	-17.931
967.971	-17.922
968.971	-17.912
969.971	-17.902
970.971	-17.892
971.971	-17.881
972.971	-17.867
973.971	-17.85
974.971	-17.834
975.971	-17.817
976.971	-17.801
977.971	-17.785
978.971	-17.768
979.971	-17.752
980.971	-17.735
981.971	-17.719
982.971	-17.702
983.971	-17.686
984.971	-17.669
985.971	-17.653
986.971	-17.636
987.971	-17.62
988.971	-17.603
989.971	-17.587
990.971	-17.57
991.971	-17.554
992.971	-17.537
993.971	-17.52
994.971	-17.504
995.971	-17.487
996.971	-17.47
997.971	-17.454
998.97	-17.437
999.97	-17.42
1000.97	-17.404
1001.97	-17.387
1002.97	-17.37
1003.97	-17.354
1004.97	-17.337
1005.97	-17.32
1006.97	-17.303
1007.97	-17.287
1008.97	-17.27
1009.97	-17.253
1010.97	-17.236
1011.97	-17.219
1012.97	-17.203
1013.97	-17.186
1014.97	-17.169
1015.97	-17.152
1016.97	-17.135
1017.97	-17.118
1018.97	-17.101
1019.97	-17.085
1020.97	-17.068
1021.97	-17.051
1022.97	-17.034
1023.97	-17.017
1024.97	-17
1025.97	-16.983
1026.97	-16.966
1027.97	-16.949
1028.97	-16.932
1029.97	-16.915
1030.97	-16.898
1031.97	-16.881
1032.969	-16.864
1033.969	-16.847
1034.969	-16.829
1035.969	-16.812
1036.969	-16.795
1037.969	-16.778
1038.969	-16.761
1039.969	-16.744
1040.969	-16.727
1041.969	-16.71
1042.969	-16.692
1043.969	-16.675
1044.969	-16.658
1045.969	-16.641
1046.969	-16.624
1047.969	-16.606
1048.969	-16.589
1049.969	-16.572
1050.969	-16.555
1051.969	-16.537
1052.969	-16.52
1053.969	-16.503
1054.969	-16.485
1055.969	-16.468
1056.969	-16.451
1057.969	-16.433
1058.969	-16.416
1059.969	-16.399
1060.969	-16.381
1061.969	-16.364
1062.969	-16.346
1063.969	-16.329
1064.969	-16.312
1065.969	-16.302
1066.968	-16.294
1067.968	-16.285
1068.968	-16.277
1069.968	-16.269
1070.968	-16.261
1071.968	-16.253
1072.968	-16.245
1073.968	-16.238
1074.968	-16.23
1075.968	-16.223
1076.968	-16.215
1077.968	-16.208
1078.968	-16.201
1079.968	-16.194
1080.968	-16.187
1081.968	-16.18
1082.968	-16.173
1083.968	-16.167
1084.968	-16.16
1085.968	-16.154
1086.968	-16.148
1087.968	-16.141
1088.968	-16.135
1089.968	-16.129
1090.968	-16.124
1091.968	-16.126
1092.968	-16.128
1093.968	-16.13
1094.968	-16.132
1095.968	-16.134
1096.968	-16.136
1097.968	-16.138
1098.968	-16.141
1099.968	-16.143
1100.967	-16.145
1101.967	-16.147
1102.967	-16.149
1103.967	-16.151
1104.967	-16.153
1105.967	-16.155
1106.967	-16.157
1107.967	-16.159
1108.967	-16.161
1109.967	-16.163
1110.967	-16.166
1111.967	-16.168
1112.967	-16.17
1113.967	-16.172
1114.967	-16.174
1115.967	-16.176
1116.967	-16.178
1117.967	-16.18
1118.967	-16.182
1119.967	-16.184
1120.967	-16.186
1121.967	-16.188
1122.967	-16.19
1123.967	-16.193
1124.967	-16.195
1125.967	-16.197
1126.967	-16.199
1127.967	-16.201
1128.967	-16.203
1129.967	-16.205
1130.967	-16.207
1131.967	-16.209
1132.967	-16.211
1133.966	-16.213
1134.966	-16.215
1135.966	-16.218
1136.966	-16.22
1137.966	-16.222
1138.966	-16.224
1139.966	-16.226
1140.966	-16.228
1141.966	-16.23
1142.966	-16.232
1143.966	-16.234
1144.966	-16.236
1145.966	-16.238
1146.966	-16.24
1147.966	-16.243
1148.966	-16.245
1149.966	-16.247
1150.966	-16.249
1151.966	-16.251
1152.966	-16.253
1153.966	-16.255
1154.966	-16.257
1155.966	-16.259
1156.966	-16.261
1157.966	-16.263
1158.966	-16.265
1159.966	-16.267
1160.966	-16.27
1161.966	-16.272
1162.966	-16.274
1163.966	-16.276
1164.966	-16.278
1165.966	-16.28
1166.966	-16.282
1167.965	-16.284
1168.965	-16.286
1169.965	-16.288
1170.965	-16.29
1171.965	-16.292
1172.965	-16.295
1173.965	-16.297
1174.965	-16.299
1175.965	-16.301
1176.965	-16.303
1177.965	-16.305
1178.965	-16.307
1179.965	-16.309
1180.965	-16.311
1181.965	-16.313
1182.965	-16.315
1183.965	-16.317
1184.965	-16.32
1185.965	-16.322
1186.965	-16.324
1187.965	-16.326
1188.965	-16.328
1189.965	-16.33
1190.965	-16.332
1191.965	-16.334
1192.965	-16.336
1193.965	-16.338
1194.965	-16.34
1195.965	-16.342
1196.965	-16.344
1197.965	-16.347
1198.965	-16.349
1199.965	-16.351
1200.965	-16.353
1201.964	-16.355
1202.964	-16.357
1203.964	-16.359
1204.964	-16.361
1205.964	-16.363
1206.964	-16.365
1207.964	-16.367
1208.964	-16.369
1209.964	-16.359
1210.964	-16.341
1211.964	-16.322
1212.964	-16.304
1213.964	-16.285
1214.964	-16.267
1215.964	-16.249
1216.964	-16.23
1217.964	-16.212
1218.964	-16.194
1219.964	-16.176
1220.964	-16.158
1221.964	-16.14
1222.964	-16.122
1223.964	-16.104
1224.964	-16.086
1225.964	-16.068
1226.964	-16.051
1227.964	-16.033
1228.964	-16.016
1229.964	-15.998
1230.964	-15.981
1231.964	-15.963
1232.964	-15.946
1233.964	-15.929
1234.964	-15.911
1235.963	-15.894
1236.963	-15.877
1237.963	-15.86
1238.963	-15.843
1239.963	-15.826
1240.963	-15.809
1241.963	-15.793
1242.963	-15.776
1243.963	-15.759
1244.963	-15.742
1245.963	-15.726
1246.963	-15.709
1247.963	-15.693
1248.963	-15.676
1249.963	-15.66
1250.963	-15.644
1251.963	-15.628
1252.963	-15.611
1253.963	-15.595
1254.963	-15.579
1255.963	-15.563
1256.963	-15.547
1257.963	-15.532
1258.963	-15.516
1259.963	-15.5
1260.963	-15.484
1261.963	-15.469
1262.963	-15.453
1263.963	-15.438
1264.963	-15.422
1265.963	-15.407
1266.963	-15.391
1267.963	-15.376
1268.963	-15.361
1269.962	-15.346
1270.962	-15.33
1271.962	-15.315
1272.962	-15.3
1273.962	-15.285
1274.962	-15.271
1275.962	-15.256
1276.962	-15.241
1277.962	-15.226
1278.962	-15.212
1279.962	-15.197
1280.962	-15.183
1281.962	-15.168
1282.962	-15.154
1283.962	-15.139
1284.962	-15.125
1285.962	-15.111
1286.962	-15.097
1287.962	-15.082
1288.962	-15.068
1289.962	-15.054
1290.962	-15.04
1291.962	-15.027
1292.962	-15.013
1293.962	-14.999
1294.962	-14.985
1295.962	-14.972
1296.962	-14.958
1297.962	-14.944
1298.962	-14.931
1299.962	-14.918
1300.962	-14.904
1301.962	-14.891
1302.962	-14.878
1303.961	-14.865
1304.961	-14.851
1305.961	-14.838
1306.961	-14.825
1307.961	-14.812
1308.961	-14.799
1309.961	-14.787
1310.961	-14.774
1311.961	-14.761
1312.961	-14.748
1313.961	-14.736
1314.961	-14.723
1315.961	-14.711
1316.961	-14.698
1317.961	-14.686
1318.961	-14.674
1319.961	-14.661
1320.961	-14.649
1321.961	-14.637
1322.961	-14.625
1323.961	-14.613
1324.961	-14.601
1325.961	-14.589
1326.961	-14.577
1327.961	-14.566
1328.961	-14.575
1329.961	-14.595
1330.961	-14.615
1331.961	-14.634
1332.961	-14.654
1333.961	-14.673
1334.961	-14.693
1335.961	-14.712
1336.96	-14.731
1337.96	-14.75
1338.96	-14.769
1339.96	-14.787
1340.96	-14.806
1341.96	-14.824
1342.96	-14.843
1343.96	-14.861
1344.96	-14.879
1345.96	-14.897
1346.96	-14.914
1347.96	-14.932
1348.96	-14.949
1349.96	-14.967
1350.96	-14.984
1351.96	-15.001
1352.96	-15.018
1353.96	-15.039
1354.96	-15.064
1355.96	-15.088
1356.96	-15.112
1357.96	-15.136
1358.96	-15.16
1359.96	-15.183
1360.96	-15.206
1361.96	-15.229
1362.96	-15.252
1363.96	-15.274
1364.96	-15.296
1365.96	-15.318
1366.96	-15.34
1367.96	-15.362
1368.96	-15.383
1369.96	-15.404
1370.959	-15.425
1371.959	-15.446
1372.959	-15.466
1373.959	-15.486
1374.959	-15.506
1375.959	-15.526
1376.959	-15.546
1377.959	-15.565
1378.959	-15.584
1379.959	-15.603
1380.959	-15.622
1381.959	-15.64
1382.959	-15.658
1383.959	-15.676
1384.959	-15.694
1385.959	-15.712
1386.959	-15.729
1387.959	-15.746
1388.959	-15.763
1389.959	-15.78
1390.959	-15.796
1391.959	-15.812
1392.959	-15.828
1393.959	-15.844
1394.959	-15.86
1395.959	-15.875
1396.959	-15.89
1397.959	-15.905
1398.959	-15.919
1399.959	-15.934
1400.959	-15.948
1401.959	-15.962
1402.959	-15.976
1403.959	-15.989
1404.958	-16.003
1405.958	-16.016
1406.958	-16.029
1407.958	-16.041
1408.958	-16.054
1409.958	-16.066
1410.958	-16.078
1411.958	-16.09
1412.958	-16.101
1413.958	-16.112
1414.958	-16.123
1415.958	-16.134
1416.958	-16.145
1417.958	-16.155
1418.958	-16.165
1419.958	-16.175
1420.958	-16.185
1421.958	-16.195
1422.958	-16.204
1423.958	-16.213
1424.958	-16.222
1425.958	-16.23
1426.958	-16.239
1427.958	-16.247
1428.958	-16.255
1429.958	-16.263
1430.958	-16.27
1431.958	-16.277
1432.958	-16.285
1433.958	-16.291
1434.958	-16.298
1435.958	-16.304
1436.958	-16.31
1437.958	-16.316
1438.957	-16.322
1439.957	-16.328
1440.957	-16.333
1441.957	-16.338
1442.957	-16.343
1443.957	-16.347
1444.957	-16.352
1445.957	-16.356
1446.957	-16.36
1447.957	-16.353
1448.957	-16.345
1449.957	-16.338
1450.957	-16.331
1451.957	-16.323
1452.957	-16.316
1453.957	-16.309
1454.957	-16.301
1455.957	-16.294
1456.957	-16.286
1457.957	-16.279
1458.957	-16.272
1459.957	-16.264
1460.957	-16.257
1461.957	-16.249
1462.957	-16.242
1463.957	-16.234
1464.957	-16.227
1465.957	-16.219
1466.957	-16.212
1467.957	-16.204
1468.957	-16.197
1469.957	-16.189
1470.957	-16.182
1471.957	-16.174
1472.956	-16.166
1473.956	-16.159
1474.956	-16.151
1475.956	-16.144
1476.956	-16.136
1477.956	-16.128
1478.956	-16.121
1479.956	-16.113
1480.956	-16.106
1481.956	-16.098
1482.956	-16.09
1483.956	-16.083
1484.956	-16.075
1485.956	-16.067
1486.956	-16.06
1487.956	-16.052
1488.956	-16.044
1489.956	-16.036
1490.956	-16.029
1491.956	-16.021
1492.956	-16.013
1493.956	-16.005
1494.956	-15.998
1495.956	-15.99
1496.956	-15.982
1497.956	-15.977
1498.956	-15.975
1499.956	-15.973
1500.956	-15.971
1501.956	-15.969
1502.956	-15.967
1503.956	-15.965
1504.956	-15.963
1505.956	-15.961
1506.955	-15.959
1507.955	-15.958
1508.955	-15.956
1509.955	-15.954
1510.955	-15.952
1511.955	-15.951
1512.955	-15.949
1513.955	-15.947
1514.955	-15.946
1515.955	-15.944
1516.955	-15.943
1517.955	-15.941
1518.955	-15.939
1519.955	-15.938
1520.955	-15.936
1521.955	-15.935
1522.955	-15.933
1523.955	-15.932
1524.955	-15.931
1525.955	-15.929
1526.955	-15.928
1527.955	-15.927
1528.955	-15.925
1529.955	-15.924
1530.955	-15.923
1531.955	-15.921
1532.955	-15.92
1533.955	-15.919
1534.955	-15.918
1535.955	-15.917
1536.955	-15.915
1537.955	-15.914
1538.955	-15.913
1539.955	-15.912
1540.954	-15.911
1541.954	-15.91
1542.954	-15.909
1543.954	-15.908
1544.954	-15.907
1545.954	-15.906
1546.954	-15.905
1547.954	-15.904
1548.954	-15.903
1549.954	-15.903
1550.954	-15.902
1551.954	-15.901
1552.954	-15.9
1553.954	-15.899
1554.954	-15.899
1555.954	-15.898
1556.954	-15.897
1557.954	-15.897
1558.954	-15.896
1559.954	-15.895
1560.954	-15.895
1561.954	-15.894
1562.954	-15.893
1563.954	-15.893
1564.954	-15.892
1565.954	-15.893
1566.954	-15.898
1567.954	-15.903
1568.954	-15.908
1569.954	-15.912
1570.954	-15.917
1571.954	-15.922
1572.954	-15.926
1573.953	-15.93
1574.953	-15.935
1575.953	-15.939
1576.953	-15.943
1577.953	-15.947
1578.953	-15.951
1579.953	-15.955
1580.953	-15.959
1581.953	-15.963
1582.953	-15.967
1583.953	-15.971
1584.953	-15.975
1585.953	-15.978
1586.953	-15.982
1587.953	-15.985
1588.953	-15.989
1589.953	-15.992
1590.953	-15.995
1591.953	-15.999
1592.953	-16.002
1593.953	-16.005
1594.953	-16.008
1595.953	-16.011
1596.953	-16.014
1597.953	-16.017
1598.953	-16.019
1599.953	-16.022
1600.953	-16.025
1601.953	-16.027
1602.953	-16.03
1603.953	-16.032
1604.953	-16.035
1605.953	-16.037
1606.953	-16.039
1607.952	-16.042
1608.952	-16.044
1609.952	-16.046
1610.952	-16.048
1611.952	-16.05
1612.952	-16.052
1613.952	-16.054
1614.952	-16.055
1615.952	-16.057
1616.952	-16.059
1617.952	-16.06
1618.952	-16.062
1619.952	-16.063
1620.952	-16.065
1621.952	-16.066
1622.952	-16.067
1623.952	-16.068
1624.952	-16.069
1625.952	-16.071
1626.952	-16.072
1627.952	-16.072
1628.952	-16.073
1629.952	-16.074
1630.952	-16.075
1631.952	-16.076
1632.952	-16.076
1633.952	-16.077
1634.952	-16.077
1635.952	-16.078
1636.952	-16.078
1637.952	-16.078
1638.952	-16.078
1639.952	-16.078
1640.952	-16.079
1641.951	-16.079
1642.951	-16.083
1643.951	-16.086
1644.951	-16.09
1645.951	-16.093
1646.951	-16.096
1647.951	-16.1
1648.951	-16.103
1649.951	-16.106
1650.951	-16.109
1651.951	-16.113
1652.951	-16.116
1653.951	-16.119
1654.951	-16.122
1655.951	-16.125
1656.951	-16.128
1657.951	-16.131
1658.951	-16.134
1659.951	-16.137
1660.951	-16.14
1661.951	-16.142
1662.951	-16.145
1663.951	-16.148
1664.951	-16.151
1665.951	-16.154
1666.951	-16.156
1667.951	-16.159
1668.951	-16.162
1669.951	-16.164
1670.951	-16.167
1671.951	-16.169
1672.951	-16.172
1673.951	-16.174
1674.951	-16.177
1675.95	-16.179
1676.95	-16.182
1677.95	-16.184
1678.95	-16.186
1679.95	-16.188
1680.95	-16.191
1681.95	-16.193
1682.95	-16.195
1683.95	-16.197
1684.95	-16.195
1685.95	-16.19
1686.95	-16.185
1687.95	-16.18
1688.95	-16.174
1689.95	-16.169
1690.95	-16.164
1691.95	-16.159
1692.95	-16.153
1693.95	-16.148
1694.95	-16.143
1695.95	-16.138
1696.95	-16.133
1697.95	-16.127
1698.95	-16.122
1699.95	-16.117
1700.95	-16.112
1701.95	-16.107
1702.95	-16.101
1703.95	-16.096
1704.95	-16.091
1705.95	-16.086
1706.95	-16.081
1707.95	-16.075
1708.95	-16.07
1709.949	-16.065
1710.949	-16.06
1711.949	-16.055
1712.949	-16.049
1713.949	-16.044
1714.949	-16.039
1715.949	-16.034
1716.949	-16.029
1717.949	-16.023
1718.949	-16.018
1719.949	-16.013
1720.949	-16.008
1721.949	-16.003
1722.949	-15.997
1723.949	-15.992
1724.949	-15.987
1725.949	-15.982
1726.949	-15.977
1727.949	-15.971
1728.949	-15.966
1729.949	-15.961
1730.949	-15.956
1731.949	-15.951
1732.949	-15.945
1733.949	-15.94
1734.949	-15.935
1735.949	-15.93
1736.949	-15.925
1737.949	-15.919
1738.949	-15.914
1739.949	-15.909
1740.949	-15.904
1741.949	-15.899
1742.949	-15.893
1743.948	-15.888
1744.948	-15.883
1745.948	-15.878
1746.948	-15.873
1747.948	-15.867
1748.948	-15.862
1749.948	-15.857
1750.948	-15.852
1751.948	-15.847
1752.948	-15.841
1753.948	-15.836
1754.948	-15.831
1755.948	-15.826
1756.948	-15.821
1757.948	-15.815
1758.948	-15.81
1759.948	-15.805
1760.948	-15.8
1761.948	-15.795
1762.948	-15.789
1763.948	-15.784
1764.948	-15.779
1765.948	-15.774
1766.948	-15.769
1767.948	-15.763
1768.948	-15.758
1769.948	-15.753
1770.948	-15.748
1771.948	-15.742
1772.948	-15.737
1773.948	-15.732
1774.948	-15.727
1775.948	-15.722
1776.947	-15.716
1777.947	-15.711
1778.947	-15.706
1779.947	-15.701
1780.947	-15.696
1781.947	-15.69
1782.947	-15.685
1783.947	-15.68
1784.947	-15.675
1785.947	-15.67
1786.947	-15.673
1787.947	-15.676
1788.947	-15.679
1789.947	-15.681
1790.947	-15.684
1791.947	-15.687
1792.947	-15.69
1793.947	-15.692
1794.947	-15.695
1795.947	-15.698
1796.947	-15.701
1797.947	-15.704
1798.947	-15.706
1799.947	-15.709
1800.947	-15.712
1801.947	-15.715
1802.947	-15.717
1803.947	-15.727
1804.947	-15.738
1805.947	-15.748
1806.947	-15.758
1807.947	-15.769
1808.947	-15.779
1809.947	-15.789
1810.946	-15.799
1811.946	-15.809
1812.946	-15.819
1813.946	-15.829
1814.946	-15.839
1815.946	-15.849
1816.946	-15.858
1817.946	-15.868
1818.946	-15.877
1819.946	-15.887
1820.946	-15.896
1821.946	-15.905
1822.946	-15.915
1823.946	-15.924
1824.946	-15.933
1825.946	-15.942
1826.946	-15.951
1827.946	-15.96
1828.946	-15.969
1829.946	-15.977
1830.946	-15.986
1831.946	-15.995
1832.946	-16.003
1833.946	-16.012
1834.946	-16.02
1835.946	-16.028
1836.946	-16.037
1837.946	-16.045
1838.946	-16.053
1839.946	-16.061
1840.946	-16.069
1841.946	-16.077
1842.946	-16.085
1843.946	-16.092
1844.945	-16.1
1845.945	-16.108
1846.945	-16.115
1847.945	-16.123
1848.945	-16.13
1849.945	-16.138
1850.945	-16.145
1851.945	-16.152
1852.945	-16.159
1853.945	-16.166
1854.945	-16.173
1855.945	-16.18
1856.945	-16.187
1857.945	-16.194
1858.945	-16.2
1859.945	-16.207
1860.945	-16.214
1861.945	-16.22
1862.945	-16.227
1863.945	-16.233
1864.945	-16.239
1865.945	-16.246
1866.945	-16.252
1867.945	-16.258
1868.945	-16.264
1869.945	-16.27
1870.945	-16.276
1871.945	-16.281
1872.945	-16.287
1873.945	-16.293
1874.945	-16.298
1875.945	-16.304
1876.945	-16.309
1877.945	-16.315
1878.944	-16.32
1879.944	-16.325
1880.944	-16.33
1881.944	-16.336
1882.944	-16.341
1883.944	-16.346
1884.944	-16.35
1885.944	-16.355
1886.944	-16.36
1887.944	-16.365
1888.944	-16.369
1889.944	-16.374
1890.944	-16.378
1891.944	-16.383
1892.944	-16.387
1893.944	-16.391
1894.944	-16.395
1895.944	-16.4
1896.944	-16.404
1897.944	-16.408
1898.944	-16.411
1899.944	-16.415
1900.944	-16.419
1901.944	-16.423
1902.944	-16.426
1903.944	-16.43
1904.944	-16.433
1905.944	-16.437
1906.944	-16.44
1907.944	-16.443
1908.944	-16.447
1909.944	-16.45
1910.944	-16.453
1911.944	-16.456
1912.943	-16.459
1913.943	-16.462
1914.943	-16.464
1915.943	-16.467
1916.943	-16.47
1917.943	-16.472
1918.943	-16.475
1919.943	-16.477
1920.943	-16.48
1921.943	-16.483
1922.943	-16.493
1923.943	-16.502
1924.943	-16.511
1925.943	-16.521
1926.943	-16.53
1927.943	-16.54
1928.943	-16.55
1929.943	-16.56
1930.943	-16.575
1931.943	-16.591
1932.943	-16.607
1933.943	-16.623
1934.943	-16.639
1935.943	-16.655
1936.943	-16.671
1937.943	-16.687
1938.943	-16.703
1939.943	-16.719
1940.943	-16.735
1941.943	-16.751
1942.943	-16.767
1943.943	-16.783
1944.943	-16.799
1945.943	-16.815
1946.942	-16.831
1947.942	-16.847
1948.942	-16.863
1949.942	-16.879
1950.942	-16.895
1951.942	-16.911
1952.942	-16.927
1953.942	-16.943
1954.942	-16.96
1955.942	-16.976
1956.942	-16.992
1957.942	-17.008
1958.942	-17.024
1959.942	-17.04
1960.942	-17.057
1961.942	-17.073
1962.942	-17.089
1963.942	-17.105
1964.942	-17.122
1965.942	-17.138
1966.942	-17.154
1967.942	-17.17
1968.942	-17.187
1969.942	-17.203
1970.942	-17.219
1971.942	-17.236
1972.942	-17.252
1973.942	-17.268
1974.942	-17.285
1975.942	-17.301
1976.942	-17.318
1977.942	-17.334
1978.942	-17.35
1979.942	-17.367
1980.941	-17.383
1981.941	-17.4
1982.941	-17.416
1983.941	-17.433
1984.941	-17.449
1985.941	-17.466
1986.941	-17.482
1987.941	-17.499
1988.941	-17.515
1989.941	-17.532
1990.941	-17.548
1991.941	-17.565
1992.941	-17.581
1993.941	-17.598
1994.941	-17.615
1995.941	-17.631
1996.941	-17.648
1997.941	-17.665
1998.941	-17.681
1999.941	-17.698
2000.941	-17.715
2001.941	-17.731
2002.941	-17.748
2003.941	-17.765
2004.941	-17.782
2005.941	-17.798
2006.941	-17.815
2007.941	-17.832
2008.941	-17.849
2009.941	-17.865
2010.941	-17.882
2011.941	-17.899
2012.941	-17.916
2013.94	-17.933
2014.94	-17.949
2015.94	-17.966
2016.94	-17.983
2017.94	-18
2018.94	-18.017
2019.94	-18.034
2020.94	-18.051
2021.94	-18.068
2022.94	-18.085
2023.94	-18.102
2024.94	-18.119
2025.94	-18.135
2026.94	-18.152
2027.94	-18.169
2028.94	-18.186
2029.94	-18.203
2030.94	-18.221
2031.94	-18.238
2032.94	-18.255
2033.94	-18.272
2034.94	-18.289
2035.94	-18.306
2036.94	-18.323
2037.94	-18.34
2038.94	-18.357
2039.94	-18.374
2040.94	-18.388
2041.94	-18.399
2042.94	-18.41
2043.94	-18.42
2044.94	-18.431
2045.94	-18.441
2046.94	-18.451
2047.939	-18.461
2048.939	-18.471
2049.939	-18.481
2050.939	-18.491
2051.939	-18.5
2052.939	-18.51
2053.939	-18.519
2054.939	-18.528
2055.939	-18.538
2056.939	-18.547
2057.939	-18.556
2058.939	-18.564
2059.939	-18.573
2060.939	-18.581
2061.939	-18.59
2062.939	-18.598
2063.939	-18.606
2064.939	-18.615
2065.939	-18.623
2066.939	-18.63
2067.939	-18.638
2068.939	-18.646
2069.939	-18.653
2070.939	-18.661
2071.939	-18.668
2072.939	-18.675
2073.939	-18.682
2074.939	-18.683
2075.939	-18.682
2076.939	-18.68
2077.939	-18.679
2078.939	-18.678
2079.939	-18.677
2080.939	-18.676
2081.938	-18.675
2082.938	-18.674
2083.938	-18.674
2084.938	-18.673
2085.938	-18.672
2086.938	-18.672
2087.938	-18.671
2088.938	-18.67
2089.938	-18.67
2090.938	-18.67
2091.938	-18.669
2092.938	-18.669
2093.938	-18.669
2094.938	-18.668
2095.938	-18.668
2096.938	-18.668
2097.938	-18.668
2098.938	-18.668
2099.938	-18.668
2100.938	-18.668
2101.938	-18.668
2102.938	-18.668
2103.938	-18.669
2104.938	-18.669
2105.938	-18.669
2106.938	-18.67
2107.938	-18.67
2108.938	-18.671
2109.938	-18.671
2110.938	-18.672
2111.938	-18.673
2112.938	-18.673
2113.938	-18.674
2114.938	-18.675
2115.937	-18.676
2116.937	-18.677
2117.937	-18.678
2118.937	-18.679
2119.937	-18.68
2120.937	-18.681
2121.937	-18.682
2122.937	-18.683
2123.937	-18.685
2124.937	-18.686
2125.937	-18.687
2126.937	-18.689
2127.937	-18.69
2128.937	-18.692
2129.937	-18.694
2130.937	-18.695
2131.937	-18.697
2132.937	-18.699
2133.937	-18.701
2134.937	-18.702
2135.937	-18.704
2136.937	-18.706
2137.937	-18.708
2138.937	-18.71
2139.937	-18.713
2140.937	-18.715
2141.937	-18.717
2142.937	-18.719
2143.937	-18.722
2144.937	-18.724
2145.937	-18.727
2146.937	-18.729
2147.937	-18.732
2148.937	-18.734
2149.936	-18.737
2150.936	-18.74
2151.936	-18.742
2152.936	-18.745
2153.936	-18.748
2154.936	-18.751
2155.936	-18.754
2156.936	-18.757
2157.936	-18.76
2158.936	-18.763
2159.936	-18.76
2160.936	-18.756
2161.936	-18.751
2162.936	-18.747
2163.936	-18.742
2164.936	-18.738
2165.936	-18.733
2166.936	-18.729
2167.936	-18.725
2168.936	-18.721
2169.936	-18.716
2170.936	-18.712
2171.936	-18.708
2172.936	-18.704
2173.936	-18.7
2174.936	-18.695
2175.936	-18.691
2176.936	-18.687
2177.936	-18.683
2178.936	-18.679
2179.936	-18.675
2180.936	-18.671
2181.936	-18.667
2182.936	-18.664
2183.935	-18.66
2184.935	-18.656
2185.935	-18.652
2186.935	-18.648
2187.935	-18.645
2188.935	-18.641
2189.935	-18.637
2190.935	-18.634
2191.935	-18.63
2192.935	-18.626
2193.935	-18.623
2194.935	-18.619
2195.935	-18.616
2196.935	-18.612
2197.935	-18.609
2198.935	-18.606
2199.935	-18.602
2200.935	-18.599
2201.935	-18.596
2202.935	-18.592
2203.935	-18.589
2204.935	-18.586
2205.935	-18.583
2206.935	-18.579
2207.935	-18.576
2208.935	-18.573
2209.935	-18.57
2210.935	-18.567
2211.935	-18.564
2212.935	-18.561
2213.935	-18.558
2214.935	-18.555
2215.935	-18.552
2216.934	-18.549
2217.934	-18.546
2218.934	-18.544
2219.934	-18.541
2220.934	-18.538
2221.934	-18.535
2222.934	-18.533
2223.934	-18.53
2224.934	-18.528
2225.934	-18.525
2226.934	-18.523
2227.934	-18.52
2228.934	-18.518
2229.934	-18.516
2230.934	-18.514
2231.934	-18.512
2232.934	-18.51
2233.934	-18.508
2234.934	-18.506
2235.934	-18.504
2236.934	-18.502
2237.934	-18.5
2238.934	-18.498
2239.934	-18.496
2240.934	-18.495
2241.934	-18.493
2242.934	-18.492
2243.934	-18.49
2244.934	-18.489
2245.934	-18.487
2246.934	-18.486
2247.934	-18.485
2248.934	-18.483
2249.934	-18.482
2250.933	-18.481
2251.933	-18.48
2252.933	-18.479
2253.933	-18.478
2254.933	-18.477
2255.933	-18.476
2256.933	-18.475
2257.933	-18.474
2258.933	-18.474
2259.933	-18.473
2260.933	-18.472
2261.933	-18.472
2262.933	-18.471
2263.933	-18.471
2264.933	-18.471
2265.933	-18.47
2266.933	-18.47
2267.933	-18.47
2268.933	-18.469
2269.933	-18.469
2270.933	-18.469
2271.933	-18.469
2272.933	-18.469
2273.933	-18.469
2274.933	-18.469
2275.933	-18.47
2276.933	-18.47
2277.933	-18.47
2278.933	-18.47
2279.933	-18.47
2280.933	-18.47
2281.933	-18.47
2282.933	-18.47
2283.933	-18.47
2284.932	-18.47
2285.932	-18.47
2286.932	-18.47
2287.932	-18.47
2288.932	-18.47
2289.932	-18.47
2290.932	-18.47
2291.932	-18.47
2292.932	-18.47
2293.932	-18.47
2294.932	-18.47
2295.932	-18.47
2296.932	-18.47
2297.932	-18.47
2298.932	-18.47
2299.932	-18.47
2300.932	-18.47
2301.932	-18.47
2302.932	-18.47
2303.932	-18.47
2304.932	-18.47
2305.932	-18.47
2306.932	-18.47
2307.932	-18.47
2308.932	-18.47
2309.932	-18.47
2310.932	-18.47
2311.932	-18.47
2312.932	-18.47
2313.932	-18.47
2314.932	-18.47
2315.932	-18.47
2316.932	-18.47
2317.932	-18.47
2318.931	-18.47
2319.931	-18.47
2320.931	-18.47
2321.931	-18.47
2322.931	-18.47
2323.931	-18.47
2324.931	-18.47
2325.931	-18.47
2326.931	-18.47
2327.931	-18.47
2328.931	-18.47
2329.931	-18.47
2330.931	-18.47
2331.931	-18.47
2332.931	-18.47
2333.931	-18.47
2334.931	-18.47
2335.931	-18.47
2336.931	-18.47
2337.931	-18.47
2338.931	-18.47
2339.931	-18.47
2340.931	-18.47
2341.931	-18.47
2342.931	-18.47
2343.931	-18.47
2344.931	-18.47
2345.931	-18.47
2346.931	-18.47
2347.931	-18.47
2348.931	-18.47
2349.931	-18.47
2350.931	-18.47
2351.931	-18.47
2352.93	-18.47
2353.93	-18.47
2354.93	-18.47
2355.93	-18.47
2356.93	-18.47
2357.93	-18.47
2358.93	-18.47
2359.93	-18.47
2360.93	-18.47
2361.93	-18.47
2362.93	-18.469
2363.93	-18.467
2364.93	-18.465
2365.93	-18.463
2366.93	-18.461
2367.93	-18.459
2368.93	-18.457
2369.93	-18.455
2370.93	-18.452
2371.93	-18.45
2372.93	-18.448
2373.93	-18.446
2374.93	-18.444
2375.93	-18.442
2376.93	-18.44
2377.93	-18.438
2378.93	-18.436
2379.93	-18.434
2380.93	-18.432
2381.93	-18.43
2382.93	-18.428
2383.93	-18.425
2384.93	-18.423
2385.93	-18.421
2386.929	-18.419
2387.929	-18.417
2388.929	-18.415
2389.929	-18.413
2390.929	-18.411
2391.929	-18.409
2392.929	-18.407
2393.929	-18.405
2394.929	-18.403
2395.929	-18.4
2396.929	-18.398
2397.929	-18.395
2398.929	-18.393
2399.929	-18.39
2400.929	-18.387
2401.929	-18.385
2402.929	-18.383
2403.929	-18.38
2404.929	-18.378
2405.929	-18.376
2406.929	-18.373
2407.929	-18.371
2408.929	-18.369
2409.929	-18.367
2410.929	-18.365
2411.929	-18.363
2412.929	-18.361
2413.929	-18.359
2414.929	-18.358
2415.929	-18.356
2416.929	-18.354
2417.929	-18.353
2418.929	-18.351
2419.929	-18.35
2420.928	-18.348
2421.928	-18.347
2422.928	-18.345
2423.928	-18.344
2424.928	-18.343
2425.928	-18.342
2426.928	-18.341
2427.928	-18.34
2428.928	-18.339
2429.928	-18.338
2430.928	-18.337
2431.928	-18.336
2432.928	-18.336
2433.928	-18.335
2434.928	-18.334
2435.928	-18.334
2436.928	-18.333
2437.928	-18.333
2438.928	-18.332
2439.928	-18.332
2440.928	-18.332
2441.928	-18.331
2442.928	-18.331
2443.928	-18.331
2444.928	-18.331
2445.928	-18.331
2446.928	-18.331
2447.928	-18.331
2448.928	-18.332
2449.928	-18.332
2450.928	-18.332
2451.928	-18.332
2452.928	-18.333
2453.927	-18.333
2454.927	-18.334
2455.927	-18.334
2456.927	-18.335
2457.927	-18.336
2458.927	-18.337
2459.927	-18.337
2460.927	-18.338
2461.927	-18.339
2462.927	-18.34
2463.927	-18.341
2464.927	-18.342
2465.927	-18.343
2466.927	-18.345
2467.927	-18.346
2468.927	-18.347
2469.927	-18.349
2470.927	-18.35
2471.927	-18.352
2472.927	-18.353
2473.927	-18.355
2474.927	-18.356
2475.927	-18.358
2476.927	-18.36
2477.927	-18.362
2478.927	-18.364
2479.927	-18.366
2480.927	-18.368
2481.927	-18.37
2482.927	-18.372
2483.927	-18.374
2484.927	-18.376
2485.927	-18.379
2486.927	-18.381
2487.926	-18.383
2488.926	-18.386
2489.926	-18.388
2490.926	-18.391
2491.926	-18.394
2492.926	-18.396
2493.926	-18.399
2494.926	-18.402
2495.926	-18.405
2496.926	-18.408
2497.926	-18.411
2498.926	-18.414
2499.926	-18.417
2500.926	-18.42
2501.926	-18.423
2502.926	-18.426
2503.926	-18.43
2504.926	-18.433
2505.926	-18.437
2506.926	-18.44
2507.926	-18.441
2508.926	-18.443
2509.926	-18.445
2510.926	-18.447
2511.926	-18.449
2512.926	-18.45
2513.926	-18.452
2514.926	-18.454
2515.926	-18.451
2516.926	-18.448
2517.926	-18.444
2518.926	-18.44
2519.926	-18.436
2520.926	-18.433
2521.925	-18.429
2522.925	-18.425
2523.925	-18.422
2524.925	-18.418
2525.925	-18.415
2526.925	-18.411
2527.925	-18.408
2528.925	-18.405
2529.925	-18.401
2530.925	-18.398
2531.925	-18.395
2532.925	-18.391
2533.925	-18.388
2534.925	-18.385
2535.925	-18.382
2536.925	-18.379
2537.925	-18.376
2538.925	-18.373
2539.925	-18.37
2540.925	-18.367
2541.925	-18.364
2542.925	-18.361
2543.925	-18.358
2544.925	-18.355
2545.925	-18.352
2546.925	-18.349
2547.925	-18.347
2548.925	-18.344
2549.925	-18.341
2550.925	-18.339
2551.925	-18.336
2552.925	-18.334
2553.925	-18.331
2554.925	-18.328
2555.924	-18.326
2556.924	-18.324
2557.924	-18.321
2558.924	-18.319
2559.924	-18.316
2560.924	-18.314
2561.924	-18.312
2562.924	-18.31
2563.924	-18.307
2564.924	-18.305
2565.924	-18.303
2566.924	-18.301
2567.924	-18.299
2568.924	-18.297
2569.924	-18.295
2570.924	-18.293
2571.924	-18.291
2572.924	-18.289
2573.924	-18.287
2574.924	-18.286
2575.924	-18.284
2576.924	-18.282
2577.924	-18.28
2578.924	-18.279
2579.924	-18.277
2580.924	-18.275
2581.924	-18.274
2582.924	-18.272
2583.924	-18.271
2584.924	-18.269
2585.924	-18.268
2586.924	-18.266
2587.924	-18.265
2588.924	-18.264
2589.923	-18.262
2590.923	-18.261
2591.923	-18.26
2592.923	-18.258
2593.923	-18.257
2594.923	-18.256
2595.923	-18.255
2596.923	-18.254
2597.923	-18.253
2598.923	-18.252
2599.923	-18.251
2600.923	-18.25
2601.923	-18.249
2602.923	-18.248
2603.923	-18.247
2604.923	-18.246
2605.923	-18.246
2606.923	-18.245
2607.923	-18.244
2608.923	-18.244
2609.923	-18.243
2610.923	-18.242
2611.923	-18.242
2612.923	-18.241
2613.923	-18.241
2614.923	-18.24
2615.923	-18.24
2616.923	-18.239
2617.923	-18.239
2618.923	-18.239
2619.923	-18.238
2620.923	-18.238
2621.923	-18.238
2622.923	-18.238
2623.922	-18.238
2624.922	-18.237
2625.922	-18.237
2626.922	-18.237
2627.922	-18.237
2628.922	-18.237
2629.922	-18.237
2630.922	-18.237
2631.922	-18.237
2632.922	-18.238
2633.922	-18.238
2634.922	-18.238
2635.922	-18.239
2636.922	-18.24
2637.922	-18.241
2638.922	-18.241
2639.922	-18.242
2640.922	-18.242
2641.922	-18.243
2642.922	-18.244
2643.922	-18.244
2644.922	-18.245
2645.922	-18.245
2646.922	-18.246
2647.922	-18.246
2648.922	-18.246
2649.922	-18.247
2650.922	-18.247
2651.922	-18.245
2652.922	-18.242
2653.922	-18.24
2654.922	-18.238
2655.922	-18.236
2656.921	-18.234
2657.921	-18.232
2658.921	-18.23
2659.921	-18.228
2660.921	-18.226
2661.921	-18.225
2662.921	-18.223
2663.921	-18.221
2664.921	-18.22
2665.921	-18.218
2666.921	-18.217
2667.921	-18.215
2668.921	-18.214
2669.921	-18.213
2670.921	-18.211
2671.921	-18.21
2672.921	-18.209
2673.921	-18.208
2674.921	-18.207
2675.921	-18.206
2676.921	-18.205
2677.921	-18.204
2678.921	-18.204
2679.921	-18.203
2680.921	-18.202
2681.921	-18.202
2682.921	-18.201
2683.921	-18.201
2684.921	-18.2
2685.921	-18.2
2686.921	-18.2
2687.921	-18.199
2688.921	-18.199
2689.921	-18.199
2690.92	-18.199
2691.92	-18.199
2692.92	-18.199
2693.92	-18.199
2694.92	-18.199
2695.92	-18.199
2696.92	-18.2
2697.92	-18.2
2698.92	-18.2
2699.92	-18.201
2700.92	-18.201
2701.92	-18.202
2702.92	-18.202
2703.92	-18.203
2704.92	-18.204
2705.92	-18.204
2706.92	-18.205
2707.92	-18.206
2708.92	-18.207
2709.92	-18.208
2710.92	-18.209
2711.92	-18.21
2712.92	-18.211
2713.92	-18.213
2714.92	-18.214
2715.92	-18.215
2716.92	-18.217
2717.92	-18.218
2718.92	-18.22
2719.92	-18.221
2720.92	-18.223
2721.92	-18.225
2722.92	-18.226
2723.92	-18.228
2724.919	-18.23
2725.919	-18.232
2726.919	-18.234
2727.919	-18.236
2728.919	-18.238
2729.919	-18.24
2730.919	-18.242
2731.919	-18.245
2732.919	-18.247
2733.919	-18.249
2734.919	-18.252
2735.919	-18.254
2736.919	-18.257
2737.919	-18.259
2738.919	-18.262
2739.919	-18.265
2740.919	-18.267
2741.919	-18.27
2742.919	-18.273
2743.919	-18.276
2744.919	-18.279
2745.919	-18.282
2746.919	-18.285
2747.919	-18.289
2748.919	-18.292
2749.919	-18.295
2750.919	-18.299
2751.919	-18.302
2752.919	-18.305
2753.919	-18.305
2754.919	-18.306
2755.919	-18.307
2756.919	-18.308
2757.919	-18.309
2758.918	-18.31
2759.918	-18.311
2760.918	-18.311
2761.918	-18.312
2762.918	-18.313
2763.918	-18.314
2764.918	-18.314
2765.918	-18.315
2766.918	-18.316
2767.918	-18.316
2768.918	-18.317
2769.918	-18.317
2770.918	-18.318
2771.918	-18.319
2772.918	-18.319
2773.918	-18.32
2774.918	-18.32
2775.918	-18.32
2776.918	-18.321
2777.918	-18.321
2778.918	-18.322
2779.918	-18.322
2780.918	-18.322
2781.918	-18.323
2782.918	-18.323
2783.918	-18.323
2784.918	-18.323
2785.918	-18.324
2786.918	-18.324
2787.918	-18.324
2788.918	-18.324
2789.918	-18.324
2790.918	-18.324
2791.918	-18.324
2792.917	-18.324
2793.917	-18.324
2794.917	-18.324
2795.917	-18.322
2796.917	-18.32
2797.917	-18.318
2798.917	-18.315
2799.917	-18.313
2800.917	-18.311
2801.917	-18.309
2802.917	-18.307
2803.917	-18.305
2804.917	-18.304
2805.917	-18.302
2806.917	-18.3
2807.917	-18.298
2808.917	-18.297
2809.917	-18.295
2810.917	-18.294
2811.917	-18.292
2812.917	-18.291
2813.917	-18.29
2814.917	-18.289
2815.917	-18.287
2816.917	-18.286
2817.917	-18.285
2818.917	-18.284
2819.917	-18.283
2820.917	-18.282
2821.917	-18.281
2822.917	-18.281
2823.917	-18.28
2824.917	-18.279
2825.917	-18.279
2826.916	-18.278
2827.916	-18.278
2828.916	-18.277
2829.916	-18.277
2830.916	-18.277
2831.916	-18.276
2832.916	-18.276
2833.916	-18.276
2834.916	-18.276
2835.916	-18.276
2836.916	-18.276
2837.916	-18.276
2838.916	-18.276
2839.916	-18.276
2840.916	-18.277
2841.916	-18.277
2842.916	-18.277
2843.916	-18.278
2844.916	-18.278
2845.916	-18.279
2846.916	-18.28
2847.916	-18.28
2848.916	-18.281
2849.916	-18.282
2850.916	-18.283
2851.916	-18.284
2852.916	-18.285
2853.916	-18.286
2854.916	-18.287
2855.916	-18.288
2856.916	-18.289
2857.916	-18.29
2858.916	-18.292
2859.916	-18.293
2860.915	-18.295
2861.915	-18.296
2862.915	-18.298
2863.915	-18.299
2864.915	-18.301
2865.915	-18.303
2866.915	-18.304
2867.915	-18.306
2868.915	-18.308
2869.915	-18.31
2870.915	-18.312
2871.915	-18.313
2872.915	-18.314
2873.915	-18.315
2874.915	-18.316
2875.915	-18.316
2876.915	-18.317
2877.915	-18.318
2878.915	-18.318
2879.915	-18.319
2880.915	-18.32
2881.915	-18.32
2882.915	-18.321
2883.915	-18.322
2884.915	-18.322
2885.915	-18.323
2886.915	-18.324
2887.915	-18.325
2888.915	-18.325
2889.915	-18.326
2890.915	-18.327
2891.915	-18.327
2892.915	-18.328
2893.914	-18.329
2894.914	-18.329
2895.914	-18.33
2896.914	-18.331
2897.914	-18.331
2898.914	-18.332
2899.914	-18.333
2900.914	-18.334
2901.914	-18.334
2902.914	-18.335
2903.914	-18.336
2904.914	-18.336
2905.914	-18.337
2906.914	-18.338
2907.914	-18.338
2908.914	-18.339
2909.914	-18.34
2910.914	-18.34
2911.914	-18.341
2912.914	-18.342
2913.914	-18.343
2914.914	-18.343
2915.914	-18.344
2916.914	-18.345
2917.914	-18.345
2918.914	-18.346
2919.914	-18.347
2920.914	-18.347
2921.914	-18.348
2922.914	-18.349
2923.914	-18.35
2924.914	-18.35
2925.914	-18.351
2926.914	-18.352
2927.913	-18.352
2928.913	-18.353
2929.913	-18.354
2930.913	-18.354
2931.913	-18.355
2932.913	-18.356
2933.913	-18.356
2934.913	-18.357
2935.913	-18.358
2936.913	-18.359
2937.913	-18.359
2938.913	-18.36
2939.913	-18.36
2940.913	-18.359
2941.913	-18.358
2942.913	-18.357
2943.913	-18.357
2944.913	-18.356
2945.913	-18.355
2946.913	-18.355
2947.913	-18.354
2948.913	-18.353
2949.913	-18.353
2950.913	-18.352
2951.913	-18.351
2952.913	-18.35
2953.913	-18.35
2954.913	-18.349
2955.913	-18.348
2956.913	-18.348
2957.913	-18.347
2958.913	-18.346
2959.913	-18.346
2960.913	-18.345
2961.912	-18.344
2962.912	-18.344
2963.912	-18.343
2964.912	-18.342
2965.912	-18.341
2966.912	-18.341
2967.912	-18.34
2968.912	-18.339
2969.912	-18.339
2970.912	-18.338
2971.912	-18.337
2972.912	-18.337
2973.912	-18.336
2974.912	-18.335
2975.912	-18.335
2976.912	-18.334
2977.912	-18.333
2978.912	-18.332
2979.912	-18.332
2980.912	-18.331
2981.912	-18.33
2982.912	-18.33
2983.912	-18.329
2984.912	-18.328
2985.912	-18.328
2986.912	-18.327
2987.912	-18.326
2988.912	-18.326
2989.912	-18.325
2990.912	-18.323
2991.912	-18.321
2992.912	-18.319
2993.912	-18.317
2994.912	-18.315
2995.911	-18.313
2996.911	-18.311
2997.911	-18.309
2998.911	-18.307
2999.911	-18.305
3000.911	-18.303
3001.911	-18.301
3002.911	-18.299
3003.911	-18.297
3004.911	-18.295
3005.911	-18.293
3006.911	-18.291
3007.911	-18.289
3008.911	-18.287
3009.911	-18.286
3010.911	-18.284
3011.911	-18.282
3012.911	-18.28
3013.911	-18.278
3014.911	-18.276
3015.911	-18.275
3016.911	-18.273
3017.911	-18.271
3018.911	-18.269
3019.911	-18.268
3020.911	-18.266
3021.911	-18.264
3022.911	-18.263
3023.911	-18.261
3024.911	-18.259
3025.911	-18.257
3026.911	-18.256
3027.911	-18.254
3028.911	-18.253
3029.91	-18.251
3030.91	-18.249
3031.91	-18.248
3032.91	-18.246
3033.91	-18.245
3034.91	-18.243
3035.91	-18.241
3036.91	-18.24
3037.91	-18.238
3038.91	-18.237
3039.91	-18.235
3040.91	-18.234
3041.91	-18.232
3042.91	-18.231
3043.91	-18.229
3044.91	-18.228
3045.91	-18.227
3046.91	-18.225
3047.91	-18.224
3048.91	-18.222
3049.91	-18.221
3050.91	-18.22
3051.91	-18.218
3052.91	-18.217
3053.91	-18.216
3054.91	-18.214
3055.91	-18.213
3056.91	-18.212
3057.91	-18.21
3058.91	-18.209
3059.91	-18.208
3060.91	-18.206
3061.91	-18.205
3062.91	-18.204
3063.909	-18.203
3064.909	-18.202
3065.909	-18.2
3066.909	-18.199
3067.909	-18.198
3068.909	-18.197
3069.909	-18.196
3070.909	-18.195
3071.909	-18.193
3072.909	-18.192
3073.909	-18.191
3074.909	-18.19
3075.909	-18.189
3076.909	-18.188
3077.909	-18.187
3078.909	-18.186
3079.909	-18.185
3080.909	-18.184
3081.909	-18.183
3082.909	-18.182
3083.909	-18.179
3084.909	-18.176
3085.909	-18.173
3086.909	-18.169
3087.909	-18.166
3088.909	-18.163
3089.909	-18.159
3090.909	-18.156
3091.909	-18.152
3092.909	-18.149
3093.909	-18.145
3094.909	-18.142
3095.909	-18.138
3096.908	-18.134
3097.908	-18.131
3098.908	-18.127
3099.908	-18.123
3100.908	-18.12
3101.908	-18.116
3102.908	-18.112
3103.908	-18.108
3104.908	-18.104
3105.908	-18.1
3106.908	-18.097
3107.908	-18.093
3108.908	-18.088
3109.908	-18.084
3110.908	-18.079
3111.908	-18.074
3112.908	-18.069
3113.908	-18.064
3114.908	-18.059
3115.908	-18.054
3116.908	-18.049
3117.908	-18.045
3118.908	-18.04
3119.908	-18.035
3120.908	-18.03
3121.908	-18.024
3122.908	-18.019
3123.908	-18.014
3124.908	-18.009
3125.908	-18.004
3126.908	-17.999
3127.908	-17.994
3128.908	-17.988
3129.908	-17.983
3130.907	-17.978
3131.907	-17.973
3132.907	-17.967
3133.907	-17.962
3134.907	-17.957
3135.907	-17.951
3136.907	-17.946
3137.907	-17.94
3138.907	-17.935
3139.907	-17.93
3140.907	-17.924
3141.907	-17.918
3142.907	-17.913
3143.907	-17.907
3144.907	-17.902
3145.907	-17.896
3146.907	-17.891
3147.907	-17.885
3148.907	-17.879
3149.907	-17.873
3150.907	-17.868
3151.907	-17.862
3152.907	-17.856
3153.907	-17.85
3154.907	-17.845
3155.907	-17.839
3156.907	-17.833
3157.907	-17.827
3158.907	-17.821
3159.907	-17.815
3160.907	-17.809
3161.907	-17.803
3162.907	-17.797
3163.907	-17.791
3164.906	-17.785
3165.906	-17.779
3166.906	-17.773
3167.906	-17.767
3168.906	-17.761
3169.906	-17.754
3170.906	-17.748
3171.906	-17.742
3172.906	-17.736
3173.906	-17.729
3174.906	-17.723
3175.906	-17.717
3176.906	-17.71
3177.906	-17.704
3178.906	-17.698
3179.906	-17.691
3180.906	-17.685
3181.906	-17.678
3182.906	-17.672
3183.906	-17.665
3184.906	-17.659
3185.906	-17.652
3186.906	-17.646
3187.906	-17.639
3188.906	-17.633
3189.906	-17.626
3190.906	-17.619
3191.906	-17.613
3192.906	-17.606
3193.906	-17.599
3194.906	-17.592
3195.906	-17.586
3196.906	-17.579
3197.906	-17.572
3198.905	-17.565
3199.905	-17.558
3200.905	-17.551
3201.905	-17.544
3202.905	-17.537
3203.905	-17.53
3204.905	-17.523
3205.905	-17.516
3206.905	-17.509
3207.905	-17.502
3208.905	-17.495
3209.905	-17.488
3210.905	-17.481
3211.905	-17.474
3212.905	-17.467
3213.905	-17.459
3214.905	-17.452
3215.905	-17.445
3216.905	-17.438
3217.905	-17.43
3218.905	-17.423
3219.905	-17.416
3220.905	-17.408
3221.905	-17.401
3222.905	-17.394
3223.905	-17.386
3224.905	-17.379
3225.905	-17.371
3226.905	-17.364
3227.905	-17.358
3228.905	-17.354
3229.905	-17.35
3230.905	-17.346
3231.905	-17.342
3232.904	-17.338
3233.904	-17.334
3234.904	-17.33
3235.904	-17.326
3236.904	-17.322
3237.904	-17.318
3238.904	-17.314
3239.904	-17.311
3240.904	-17.307
3241.904	-17.304
3242.904	-17.3
3243.904	-17.296
3244.904	-17.293
3245.904	-17.289
3246.904	-17.286
3247.904	-17.283
3248.904	-17.279
3249.904	-17.276
3250.904	-17.273
3251.904	-17.27
3252.904	-17.266
3253.904	-17.263
3254.904	-17.26
3255.904	-17.257
3256.904	-17.254
3257.904	-17.251
3258.904	-17.248
3259.904	-17.245
3260.904	-17.243
3261.904	-17.24
3262.904	-17.237
3263.904	-17.234
3264.904	-17.232
3265.904	-17.229
3266.903	-17.226
3267.903	-17.224
3268.903	-17.221
3269.903	-17.219
3270.903	-17.217
3271.903	-17.214
3272.903	-17.212
3273.903	-17.21
3274.903	-17.207
3275.903	-17.205
3276.903	-17.203
3277.903	-17.201
3278.903	-17.199
3279.903	-17.197
3280.903	-17.195
3281.903	-17.193
3282.903	-17.191
3283.903	-17.189
3284.903	-17.187
3285.903	-17.185
3286.903	-17.183
3287.903	-17.182
3288.903	-17.18
3289.903	-17.178
3290.903	-17.177
3291.903	-17.175
3292.903	-17.173
3293.903	-17.172
3294.903	-17.171
3295.903	-17.169
3296.903	-17.168
3297.903	-17.166
3298.903	-17.165
3299.903	-17.164
3300.902	-17.163
3301.902	-17.162
3302.902	-17.16
3303.902	-17.159
3304.902	-17.158
3305.902	-17.157
3306.902	-17.156
3307.902	-17.155
3308.902	-17.155
3309.902	-17.154
3310.902	-17.153
3311.902	-17.152
3312.902	-17.152
3313.902	-17.151
3314.902	-17.15
3315.902	-17.15
3316.902	-17.149
3317.902	-17.149
3318.902	-17.148
3319.902	-17.148
3320.902	-17.147
3321.902	-17.147
3322.902	-17.147
3323.902	-17.146
3324.902	-17.146
3325.902	-17.146
3326.902	-17.146
3327.902	-17.146
3328.902	-17.146
3329.902	-17.146
3330.902	-17.146
3331.902	-17.146
3332.902	-17.146
3333.901	-17.146
3334.901	-17.146
3335.901	-17.147
3336.901	-17.147
3337.901	-17.147
3338.901	-17.147
3339.901	-17.148
3340.901	-17.148
3341.901	-17.149
3342.901	-17.149
3343.901	-17.15
3344.901	-17.15
3345.901	-17.151
3346.901	-17.143
3347.901	-17.135
3348.901	-17.126
3349.901	-17.117
3350.901	-17.108
3351.901	-17.099
3352.901	-17.09
3353.901	-17.08
3354.901	-17.071
3355.901	-17.061
3356.901	-17.052
3357.901	-17.042
3358.901	-17.032
3359.901	-17.023
3360.901	-17.013
3361.901	-17.003
3362.901	-16.993
3363.901	-16.982
3364.901	-16.972
3365.901	-16.962
3366.901	-16.951
3367.9	-16.941
3368.9	-16.93
3369.9	-16.92
3370.9	-16.909
3371.9	-16.898
3372.9	-16.888
3373.9	-16.878
3374.9	-16.867
3375.9	-16.857
3376.9	-16.847
3377.9	-16.836
3378.9	-16.826
3379.9	-16.816
3380.9	-16.805
3381.9	-16.795
3382.9	-16.785
3383.9	-16.774
3384.9	-16.764
3385.9	-16.753
3386.9	-16.743
3387.9	-16.732
3388.9	-16.722
3389.9	-16.712
3390.9	-16.701
3391.9	-16.691
3392.9	-16.68
3393.9	-16.67
3394.9	-16.659
3395.9	-16.649
3396.9	-16.638
3397.9	-16.627
3398.9	-16.617
3399.9	-16.606
3400.9	-16.596
3401.899	-16.585
3402.899	-16.574
3403.899	-16.564
3404.899	-16.553
3405.899	-16.542
3406.899	-16.532
3407.899	-16.521
3408.899	-16.51
3409.899	-16.5
3410.899	-16.489
3411.899	-16.478
3412.899	-16.468
3413.899	-16.457
3414.899	-16.446
3415.899	-16.435
3416.899	-16.424
3417.899	-16.414
3418.899	-16.403
3419.899	-16.392
3420.899	-16.381
3421.899	-16.37
3422.899	-16.36
3423.899	-16.349
3424.899	-16.338
3425.899	-16.327
3426.899	-16.316
3427.899	-16.305
3428.899	-16.294
3429.899	-16.283
3430.899	-16.272
3431.899	-16.261
3432.899	-16.25
3433.899	-16.239
3434.899	-16.228
3435.898	-16.217
3436.898	-16.206
3437.898	-16.195
3438.898	-16.184
3439.898	-16.173
3440.898	-16.162
3441.898	-16.151
3442.898	-16.14
3443.898	-16.129
3444.898	-16.118
3445.898	-16.107
3446.898	-16.096
3447.898	-16.084
3448.898	-16.073
3449.898	-16.062
3450.898	-16.051
3451.898	-16.04
3452.898	-16.029
3453.898	-16.017
3454.898	-16.006
3455.898	-15.995
3456.898	-15.984
3457.898	-15.972
3458.898	-15.961
3459.898	-15.95
3460.898	-15.938
3461.898	-15.927
3462.898	-15.916
3463.898	-15.905
3464.898	-15.893
3465.898	-15.879
3466.898	-15.866
3467.898	-15.853
3468.898	-15.839
3469.897	-15.826
3470.897	-15.812
3471.897	-15.799
3472.897	-15.785
3473.897	-15.772
3474.897	-15.758
3475.897	-15.745
3476.897	-15.731
3477.897	-15.717
3478.897	-15.703
3479.897	-15.69
3480.897	-15.676
3481.897	-15.662
3482.897	-15.648
3483.897	-15.634
3484.897	-15.62
3485.897	-15.606
3486.897	-15.592
3487.897	-15.578
3488.897	-15.564
3489.897	-15.55
3490.897	-15.535
3491.897	-15.521
3492.897	-15.507
3493.897	-15.493
3494.897	-15.478
3495.897	-15.464
3496.897	-15.45
3497.897	-15.435
3498.897	-15.421
3499.897	-15.406
3500.897	-15.392
3501.897	-15.377
3502.897	-15.363
3503.896	-15.348
3504.896	-15.333
3505.896	-15.319
3506.896	-15.304
3507.896	-15.289
3508.896	-15.274
3509.896	-15.259
3510.896	-15.245
3511.896	-15.23
3512.896	-15.215
3513.896	-15.2
3514.896	-15.185
3515.896	-15.171
3516.896	-15.162
3517.896	-15.154
3518.896	-15.145
3519.896	-15.137
3520.896	-15.129
3521.896	-15.122
3522.896	-15.114
3523.896	-15.107
3524.896	-15.1
3525.896	-15.093
3526.896	-15.086
3527.896	-15.08
3528.896	-15.074
3529.896	-15.067
3530.896	-15.061
3531.896	-15.056
3532.896	-15.05
3533.896	-15.045
3534.896	-15.039
3535.896	-15.034
3536.895	-15.03
3537.895	-15.025
3538.895	-15.02
3539.895	-15.016
3540.895	-15.012
3541.895	-15.008
3542.895	-15.004
3543.895	-15.001
3544.895	-14.998
3545.895	-14.994
3546.895	-14.991
3547.895	-14.989
3548.895	-14.986
3549.895	-14.984
3550.895	-14.981
3551.895	-14.979
3552.895	-14.977
3553.895	-14.976
3554.895	-14.974
3555.895	-14.973
3556.895	-14.972
3557.895	-14.971
3558.895	-14.97
3559.895	-14.97
3560.895	-14.969
3561.895	-14.969
3562.895	-14.969
3563.895	-14.969
3564.895	-14.97
3565.895	-14.97
3566.895	-14.971
3567.895	-14.972
3568.895	-14.973
3569.895	-14.975
3570.894	-14.976
3571.894	-14.978
3572.894	-14.98
3573.894	-14.982
3574.894	-14.984
3575.894	-14.986
3576.894	-14.989
3577.894	-14.992
3578.894	-14.995
3579.894	-14.998
3580.894	-15.002
3581.894	-15.005
3582.894	-15.009
3583.894	-15.013
3584.894	-15.018
3585.894	-15.023
3586.894	-15.028
3587.894	-15.032
3588.894	-15.037
3589.894	-15.041
3590.894	-15.045
3591.894	-15.048
3592.894	-15.052
3593.894	-15.055
3594.894	-15.059
3595.894	-15.062
3596.894	-15.065
3597.894	-15.067
3598.894	-15.07
3599.894	-15.072
3600.894	-15.074
3601.894	-15.076
3602.894	-15.078
3603.894	-15.08
3604.893	-15.081
3605.893	-15.083
3606.893	-15.084
3607.893	-15.085
3608.893	-15.086
3609.893	-15.086
3610.893	-15.087
3611.893	-15.087
3612.893	-15.087
3613.893	-15.087
3614.893	-15.087
3615.893	-15.086
3616.893	-15.086
3617.893	-15.085
3618.893	-15.084
3619.893	-15.083
3620.893	-15.081
3621.893	-15.08
3622.893	-15.078
3623.893	-15.076
3624.893	-15.074
3625.893	-15.072
3626.893	-15.07
3627.893	-15.067
3628.893	-15.064
3629.893	-15.062
3630.893	-15.058
3631.893	-15.055
3632.893	-15.052
3633.893	-15.048
3634.893	-15.044
3635.893	-15.04
3636.893	-15.036
3637.893	-15.032
3638.892	-15.028
3639.892	-15.023
3640.892	-15.018
3641.892	-15.013
3642.892	-15.008
3643.892	-15.003
3644.892	-14.997
3645.892	-14.991
3646.892	-14.985
3647.892	-14.979
3648.892	-14.973
3649.892	-14.967
3650.892	-14.96
3651.892	-14.953
3652.892	-14.947
3653.892	-14.939
3654.892	-14.932
3655.892	-14.925
3656.892	-14.917
3657.892	-14.909
3658.892	-14.901
3659.892	-14.893
3660.892	-14.875
3661.892	-14.856
3662.892	-14.838
3663.892	-14.82
3664.892	-14.802
3665.892	-14.784
3666.892	-14.766
3667.892	-14.748
3668.892	-14.73
3669.892	-14.712
3670.892	-14.694
3671.892	-14.677
3672.891	-14.659
3673.891	-14.642
3674.891	-14.625
3675.891	-14.607
3676.891	-14.59
3677.891	-14.573
3678.891	-14.556
3679.891	-14.539
3680.891	-14.522
3681.891	-14.505
3682.891	-14.489
3683.891	-14.472
3684.891	-14.456
3685.891	-14.439
3686.891	-14.423
3687.891	-14.407
3688.891	-14.39
3689.891	-14.374
3690.891	-14.358
3691.891	-14.342
3692.891	-14.326
3693.891	-14.311
3694.891	-14.295
3695.891	-14.279
3696.891	-14.264
3697.891	-14.248
3698.891	-14.233
3699.891	-14.218
3700.891	-14.202
3701.891	-14.187
3702.891	-14.174
3703.891	-14.16
3704.891	-14.147
3705.891	-14.134
3706.89	-14.121
3707.89	-14.108
3708.89	-14.095
3709.89	-14.082
3710.89	-14.069
3711.89	-14.056
3712.89	-14.044
3713.89	-14.031
3714.89	-14.018
3715.89	-14.005
3716.89	-13.993
3717.89	-13.98
3718.89	-13.968
3719.89	-13.955
3720.89	-13.943
3721.89	-13.93
3722.89	-13.918
3723.89	-13.906
3724.89	-13.894
3725.89	-13.881
3726.89	-13.869
3727.89	-13.857
3728.89	-13.845
3729.89	-13.833
3730.89	-13.821
3731.89	-13.809
3732.89	-13.797
3733.89	-13.785
3734.89	-13.774
3735.89	-13.762
3736.89	-13.75
3737.89	-13.739
3738.89	-13.727
3739.89	-13.716
3740.889	-13.704
3741.889	-13.693
3742.889	-13.681
3743.889	-13.67
3744.889	-13.659
3745.889	-13.647
3746.889	-13.636
3747.889	-13.625
3748.889	-13.614
3749.889	-13.603
3750.889	-13.592
3751.889	-13.581
3752.889	-13.57
3753.889	-13.559
3754.889	-13.548
3755.889	-13.537
3756.889	-13.526
3757.889	-13.516
3758.889	-13.505
3759.889	-13.494
3760.889	-13.484
3761.889	-13.473
3762.889	-13.463
3763.889	-13.453
3764.889	-13.442
3765.889	-13.432
3766.889	-13.422
3767.889	-13.411
3768.889	-13.401
3769.889	-13.391
3770.889	-13.381
3771.889	-13.371
3772.889	-13.361
3773.888	-13.351
3774.888	-13.341
3775.888	-13.331
3776.888	-13.321
3777.888	-13.312
3778.888	-13.302
3779.888	-13.292
3780.888	-13.283
3781.888	-13.273
3782.888	-13.263
3783.888	-13.254
3784.888	-13.245
3785.888	-13.235
3786.888	-13.226
3787.888	-13.216
3788.888	-13.207
3789.888	-13.198
3790.888	-13.189
3791.888	-13.18
3792.888	-13.171
3793.888	-13.162
3794.888	-13.153
3795.888	-13.144
3796.888	-13.135
3797.888	-13.126
3798.888	-13.117
3799.888	-13.109
3800.888	-13.1
3801.888	-13.091
3802.888	-13.083
3803.888	-13.074
3804.888	-13.066
3805.888	-13.059
3806.888	-13.051
3807.887	-13.044
3808.887	-13.036
3809.887	-13.029
3810.887	-13.021
3811.887	-13.014
3812.887	-13.006
3813.887	-12.999
3814.887	-12.991
3815.887	-12.984
3816.887	-12.977
3817.887	-12.969
3818.887	-12.962
3819.887	-12.955
3820.887	-12.947
3821.887	-12.94
3822.887	-12.932
3823.887	-12.924
3824.887	-12.916
3825.887	-12.909
3826.887	-12.901
3827.887	-12.893
3828.887	-12.885
3829.887	-12.877
3830.887	-12.87
3831.887	-12.862
3832.887	-12.854
3833.887	-12.847
3834.887	-12.839
3835.887	-12.831
3836.887	-12.823
3837.887	-12.816
3838.887	-12.808
3839.887	-12.8
3840.887	-12.793
3841.886	-12.785
3842.886	-12.777
3843.886	-12.77
3844.886	-12.762
3845.886	-12.754
3846.886	-12.747
3847.886	-12.739
3848.886	-12.731
3849.886	-12.724
3850.886	-12.716
3851.886	-12.708
3852.886	-12.701
3853.886	-12.693
3854.886	-12.685
3855.886	-12.678
3856.886	-12.67
3857.886	-12.663
3858.886	-12.655
3859.886	-12.648
3860.886	-12.64
3861.886	-12.632
3862.886	-12.625
3863.886	-12.617
3864.886	-12.61
3865.886	-12.602
3866.886	-12.595
3867.886	-12.587
3868.886	-12.58
3869.886	-12.572
3870.886	-12.565
3871.886	-12.557
3872.886	-12.549
3873.886	-12.542
3874.886	-12.535
3875.885	-12.527
3876.885	-12.52
3877.885	-12.512
3878.885	-12.505
3879.885	-12.497
3880.885	-12.49
3881.885	-12.482
3882.885	-12.475
3883.885	-12.467
3884.885	-12.46
3885.885	-12.452
3886.885	-12.445
3887.885	-12.438
3888.885	-12.43
3889.885	-12.423
3890.885	-12.415
3891.885	-12.408
3892.885	-12.401
3893.885	-12.393
3894.885	-12.386
3895.885	-12.379
3896.885	-12.371
3897.885	-12.364
3898.885	-12.356
3899.885	-12.349
3900.885	-12.342
3901.885	-12.334
3902.885	-12.327
3903.885	-12.32
3904.885	-12.312
3905.885	-12.305
3906.885	-12.298
3907.885	-12.291
3908.885	-12.283
3909.884	-12.276
3910.884	-12.269
3911.884	-12.261
3912.884	-12.254
3913.884	-12.247
3914.884	-12.24
3915.884	-12.232
3916.884	-12.225
3917.884	-12.218
3918.884	-12.211
3919.884	-12.203
3920.884	-12.196
3921.884	-12.189
3922.884	-12.182
3923.884	-12.175
3924.884	-12.167
3925.884	-12.16
3926.884	-12.153
3927.884	-12.146
3928.884	-12.139
3929.884	-12.131
3930.884	-12.124
3931.884	-12.117
3932.884	-12.11
3933.884	-12.103
3934.884	-12.096
3935.884	-12.088
3936.884	-12.081
3937.884	-12.074
3938.884	-12.067
3939.884	-12.062
3940.884	-12.058
3941.884	-12.054
3942.884	-12.051
3943.883	-12.047
3944.883	-12.043
3945.883	-12.039
3946.883	-12.036
3947.883	-12.032
3948.883	-12.027
3949.883	-12.023
3950.883	-12.018
3951.883	-12.014
3952.883	-12.009
3953.883	-12.005
3954.883	-12
3955.883	-11.996
3956.883	-11.991
3957.883	-11.987
3958.883	-11.982
3959.883	-11.978
3960.883	-11.973
3961.883	-11.969
3962.883	-11.965
3963.883	-11.96
3964.883	-11.956
3965.883	-11.952
3966.883	-11.948
3967.883	-11.943
3968.883	-11.939
3969.883	-11.935
3970.883	-11.931
3971.883	-11.927
3972.883	-11.923
3973.883	-11.919
3974.883	-11.915
3975.883	-11.911
3976.882	-11.907
3977.882	-11.903
3978.882	-11.899
3979.882	-11.895
3980.882	-11.891
3981.882	-11.887
3982.882	-11.883
3983.882	-11.879
3984.882	-11.876
3985.882	-11.872
3986.882	-11.868
3987.882	-11.864
3988.882	-11.861
3989.882	-11.857
3990.882	-11.853
3991.882	-11.85
3992.882	-11.846
3993.882	-11.842
3994.882	-11.839
3995.882	-11.835
3996.882	-11.832
3997.882	-11.828
3998.882	-11.825
3999.882	-11.821
4000.882	-11.818
4001.882	-11.814
4002.882	-11.811
4003.882	-11.808
4004.882	-11.804
4005.882	-11.801
4006.882	-11.798
4007.882	-11.794
4008.882	-11.791
4009.882	-11.788
4010.881	-11.785
4011.881	-11.782
4012.881	-11.778
4013.881	-11.775
4014.881	-11.772
4015.881	-11.769
4016.881	-11.766
4017.881	-11.763
4018.881	-11.76
4019.881	-11.757
4020.881	-11.754
4021.881	-11.751
4022.881	-11.748
4023.881	-11.745
4024.881	-11.742
4025.881	-11.739
4026.881	-11.737
4027.881	-11.734
4028.881	-11.731
4029.881	-11.728
4030.881	-11.726
4031.881	-11.723
4032.881	-11.72
4033.881	-11.718
4034.881	-11.715
4035.881	-11.712
4036.881	-11.71
4037.881	-11.707
4038.881	-11.705
4039.881	-11.702
4040.881	-11.7
4041.881	-11.697
4042.881	-11.695
4043.881	-11.692
4044.88	-11.69
4045.88	-11.687
4046.88	-11.685
4047.88	-11.683
4048.88	-11.68
4049.88	-11.678
4050.88	-11.676
4051.88	-11.674
4052.88	-11.671
4053.88	-11.669
4054.88	-11.667
4055.88	-11.665
4056.88	-11.663
4057.88	-11.661
4058.88	-11.656
4059.88	-11.651
4060.88	-11.645
4061.88	-11.64
4062.88	-11.634
4063.88	-11.629
4064.88	-11.624
4065.88	-11.619
4066.88	-11.613
4067.88	-11.608
4068.88	-11.603
4069.88	-11.598
4070.88	-11.592
4071.88	-11.587
4072.88	-11.582
4073.88	-11.577
4074.88	-11.572
4075.88	-11.567
4076.88	-11.562
4077.88	-11.557
4078.879	-11.552
4079.879	-11.547
4080.879	-11.542
4081.879	-11.537
4082.879	-11.532
4083.879	-11.527
4084.879	-11.523
4085.879	-11.518
4086.879	-11.513
4087.879	-11.508
4088.879	-11.503
4089.879	-11.499
4090.879	-11.494
4091.879	-11.489
4092.879	-11.482
4093.879	-11.473
4094.879	-11.464
4095.879	-11.454
4096.879	-11.445
4097.879	-11.436
4098.879	-11.427
4099.879	-11.418
4100.879	-11.409
4101.879	-11.4
4102.879	-11.391
4103.879	-11.382
4104.879	-11.373
4105.879	-11.364
4106.879	-11.355
4107.879	-11.346
4108.879	-11.337
4109.879	-11.329
4110.879	-11.32
4111.879	-11.311
4112.878	-11.303
4113.878	-11.294
4114.878	-11.286
4115.878	-11.277
4116.878	-11.268
4117.878	-11.26
4118.878	-11.252
4119.878	-11.243
4120.878	-11.235
4121.878	-11.227
4122.878	-11.218
4123.878	-11.21
4124.878	-11.202
4125.878	-11.194
4126.878	-11.185
4127.878	-11.177
4128.878	-11.169
4129.878	-11.161
4130.878	-11.153
4131.878	-11.145
4132.878	-11.137
4133.878	-11.13
4134.878	-11.122
4135.878	-11.114
4136.878	-11.106
4137.878	-11.099
4138.878	-11.091
4139.878	-11.083
4140.878	-11.076
4141.878	-11.068
4142.878	-11.06
4143.878	-11.053
4144.878	-11.045
4145.878	-11.038
4146.877	-11.031
4147.877	-11.023
4148.877	-11.016
4149.877	-11.009
4150.877	-11.001
4151.877	-10.994
4152.877	-10.987
4153.877	-10.98
4154.877	-10.973
4155.877	-10.966
4156.877	-10.959
4157.877	-10.951
4158.877	-10.945
4159.877	-10.938
4160.877	-10.931
4161.877	-10.924
4162.877	-10.917
4163.877	-10.91
4164.877	-10.903
4165.877	-10.897
4166.877	-10.89
4167.877	-10.884
4168.877	-10.877
4169.877	-10.87
4170.877	-10.864
4171.877	-10.857
4172.877	-10.851
4173.877	-10.844
4174.877	-10.838
4175.877	-10.832
4176.877	-10.826
4177.877	-10.823
4178.877	-10.82
4179.877	-10.817
4180.876	-10.814
4181.876	-10.812
4182.876	-10.809
4183.876	-10.806
4184.876	-10.803
4185.876	-10.801
4186.876	-10.798
4187.876	-10.795
4188.876	-10.792
4189.876	-10.789
4190.876	-10.787
4191.876	-10.784
4192.876	-10.781
4193.876	-10.778
4194.876	-10.776
4195.876	-10.773
4196.876	-10.77
4197.876	-10.767
4198.876	-10.765
4199.876	-10.762
4200.876	-10.759
4201.876	-10.756
4202.876	-10.753
4203.876	-10.751
4204.876	-10.748
4205.876	-10.745
4206.876	-10.742
4207.876	-10.74
4208.876	-10.737
4209.876	-10.734
4210.876	-10.731
4211.876	-10.728
4212.876	-10.726
4213.875	-10.723
4214.875	-10.72
4215.875	-10.717
4216.875	-10.714
4217.875	-10.712
4218.875	-10.709
4219.875	-10.706
4220.875	-10.703
4221.875	-10.701
4222.875	-10.698
4223.875	-10.695
4224.875	-10.692
4225.875	-10.69
4226.875	-10.687
4227.875	-10.684
4228.875	-10.681
4229.875	-10.679
4230.875	-10.676
4231.875	-10.673
4232.875	-10.67
4233.875	-10.667
4234.875	-10.665
4235.875	-10.662
4236.875	-10.659
4237.875	-10.657
4238.875	-10.655
4239.875	-10.653
4240.875	-10.651
4241.875	-10.649
4242.875	-10.647
4243.875	-10.645
4244.875	-10.643
4245.875	-10.641
4246.875	-10.639
4247.874	-10.636
4248.874	-10.634
4249.874	-10.632
4250.874	-10.63
4251.874	-10.628
4252.874	-10.626
4253.874	-10.624
4254.874	-10.622
4255.874	-10.62
4256.874	-10.618
4257.874	-10.616
4258.874	-10.614
4259.874	-10.611
4260.874	-10.609
4261.874	-10.607
4262.874	-10.605
4263.874	-10.603
4264.874	-10.601
4265.874	-10.599
4266.874	-10.597
4267.874	-10.595
4268.874	-10.593
4269.874	-10.591
4270.874	-10.589
4271.874	-10.586
4272.874	-10.584
4273.874	-10.582
4274.874	-10.58
4275.874	-10.578
4276.874	-10.576
4277.874	-10.574
4278.874	-10.572
4279.874	-10.57
4280.874	-10.568
4281.873	-10.566
4282.873	-10.564
4283.873	-10.562
4284.873	-10.559
4285.873	-10.557
4286.873	-10.555
4287.873	-10.553
4288.873	-10.551
4289.873	-10.549
4290.873	-10.547
4291.873	-10.545
4292.873	-10.543
4293.873	-10.541
4294.873	-10.539
4295.873	-10.535
4296.873	-10.527
4297.873	-10.52
4298.873	-10.512
4299.873	-10.505
4300.873	-10.497
4301.873	-10.49
4302.873	-10.482
4303.873	-10.474
4304.873	-10.467
4305.873	-10.459
4306.873	-10.451
4307.873	-10.444
4308.873	-10.436
4309.873	-10.429
4310.873	-10.421
4311.873	-10.413
4312.873	-10.406
4313.873	-10.398
4314.873	-10.39
4315.872	-10.383
4316.872	-10.375
4317.872	-10.367
4318.872	-10.359
4319.872	-10.352
4320.872	-10.344
4321.872	-10.336
4322.872	-10.328
4323.872	-10.32
4324.872	-10.313
4325.872	-10.305
4326.872	-10.297
4327.872	-10.289
4328.872	-10.281
4329.872	-10.273
4330.872	-10.265
4331.872	-10.258
4332.872	-10.25
4333.872	-10.242
4334.872	-10.234
4335.872	-10.226
4336.872	-10.218
4337.872	-10.21
4338.872	-10.202
4339.872	-10.194
4340.872	-10.186
4341.872	-10.178
4342.872	-10.17
4343.872	-10.162
4344.872	-10.154
4345.872	-10.146
4346.872	-10.138
4347.872	-10.13
4348.872	-10.121
4349.871	-10.113
4350.871	-10.105
4351.871	-10.097
4352.871	-10.089
4353.871	-10.081
4354.871	-10.073
4355.871	-10.064
4356.871	-10.056
4357.871	-10.048
4358.871	-10.04
4359.871	-10.032
4360.871	-10.023
4361.871	-10.015
4362.871	-10.007
4363.871	-9.999
4364.871	-9.99
4365.871	-9.982
4366.871	-9.974
4367.871	-9.965
4368.871	-9.957
4369.871	-9.949
4370.871	-9.94
4371.871	-9.932
4372.871	-9.924
4373.871	-9.915
4374.871	-9.907
4375.871	-9.898
4376.871	-9.89
4377.871	-9.882
4378.871	-9.873
4379.871	-9.865
4380.871	-9.855
4381.871	-9.843
4382.871	-9.831
4383.87	-9.818
4384.87	-9.805
4385.87	-9.792
4386.87	-9.779
4387.87	-9.765
4388.87	-9.752
4389.87	-9.738
4390.87	-9.724
4391.87	-9.709
4392.87	-9.695
4393.87	-9.68
4394.87	-9.665
4395.87	-9.65
4396.87	-9.635
4397.87	-9.619
4398.87	-9.603
4399.87	-9.587
4400.87	-9.571
4401.87	-9.555
4402.87	-9.538
4403.87	-9.521
4404.87	-9.504
4405.87	-9.487
4406.87	-9.469
4407.87	-9.451
4408.87	-9.434
4409.87	-9.415
4410.87	-9.397
4411.87	-9.379
4412.87	-9.36
4413.87	-9.341
4414.87	-9.32
4415.87	-9.299
4416.869	-9.278
4417.869	-9.257
4418.869	-9.235
4419.869	-9.213
4420.869	-9.191
4421.869	-9.169
4422.869	-9.147
4423.869	-9.125
4424.869	-9.102
4425.869	-9.079
4426.869	-9.056
4427.869	-9.033
4428.869	-9.01
4429.869	-8.987
4430.869	-8.963
4431.869	-8.939
4432.869	-8.915
4433.869	-8.891
4434.869	-8.867
4435.869	-8.843
4436.869	-8.818
4437.869	-8.793
4438.869	-8.769
4439.869	-8.743
4440.869	-8.718
4441.869	-8.693
4442.869	-8.667
4443.869	-8.642
4444.869	-8.616
4445.869	-8.59
4446.869	-8.564
4447.869	-8.537
4448.869	-8.511
4449.869	-8.484
4450.868	-8.457
4451.868	-8.43
4452.868	-8.403
4453.868	-8.376
4454.868	-8.348
4455.868	-8.321
4456.868	-8.293
4457.868	-8.265
4458.868	-8.237
4459.868	-8.209
4460.868	-8.18
4461.868	-8.152
4462.868	-8.123
4463.868	-8.094
4464.868	-8.065
4465.868	-8.036
4466.868	-8.006
4467.868	-7.977
4468.868	-7.947
4469.868	-7.917
4470.868	-7.887
4471.868	-7.857
4472.868	-7.826
4473.868	-7.796
4474.868	-7.765
4475.868	-7.734
4476.868	-7.703
4477.868	-7.672
4478.868	-7.64
4479.868	-7.609
4480.868	-7.577
4481.868	-7.545
4482.868	-7.513
4483.868	-7.481
4484.867	-7.449
4485.867	-7.416
4486.867	-7.384
4487.867	-7.351
4488.867	-7.318
4489.867	-7.285
4490.867	-7.251
4491.867	-7.218
4492.867	-7.184
4493.867	-7.15
4494.867	-7.116
4495.867	-7.082
4496.867	-7.048
4497.867	-7.014
4498.867	-6.979
4499.867	-6.944
4500.867	-6.909
4501.867	-6.874
4502.867	-6.839
4503.867	-6.803
4504.867	-6.768
4505.867	-6.732
4506.867	-6.696
4507.867	-6.66
4508.867	-6.624
4509.867	-6.587
4510.867	-6.551
4511.867	-6.514
4512.867	-6.477
4513.867	-6.44
4514.867	-6.403
4515.867	-6.366
4516.867	-6.328
4517.867	-6.29
4518.866	-6.253
4519.866	-6.214
4520.866	-6.176
4521.866	-6.138
4522.866	-6.099
4523.866	-6.061
4524.866	-6.022
4525.866	-5.989
4526.866	-5.956
4527.866	-5.923
4528.866	-5.891
4529.866	-5.859
4530.866	-5.826
4531.866	-5.794
4532.866	-5.763
4533.866	-5.747
4534.866	-5.731
4535.866	-5.716
4536.866	-5.7
4537.866	-5.685
4538.866	-5.67
4539.866	-5.654
4540.866	-5.639
4541.866	-5.624
4542.866	-5.608
4543.866	-5.593
4544.866	-5.578
4545.866	-5.563
4546.866	-5.548
4547.866	-5.533
4548.866	-5.518
4549.866	-5.503
4550.866	-5.488
4551.866	-5.473
4552.865	-5.458
4553.865	-5.443
4554.865	-5.428
4555.865	-5.414
4556.865	-5.399
4557.865	-5.384
4558.865	-5.369
4559.865	-5.355
4560.865	-5.34
4561.865	-5.325
4562.865	-5.311
4563.865	-5.296
4564.865	-5.282
4565.865	-5.267
4566.865	-5.253
4567.865	-5.239
4568.865	-5.224
4569.865	-5.21
4570.865	-5.196
4571.865	-5.181
4572.865	-5.167
4573.865	-5.153
4574.865	-5.139
4575.865	-5.125
4576.865	-5.11
4577.865	-5.096
4578.865	-5.082
4579.865	-5.068
4580.865	-5.054
4581.865	-5.04
4582.865	-5.026
4583.865	-5.013
4584.865	-4.999
4585.865	-4.985
4586.864	-4.971
4587.864	-4.957
4588.864	-4.944
4589.864	-4.93
4590.864	-4.916
4591.864	-4.903
4592.864	-4.889
4593.864	-4.876
4594.864	-4.862
4595.864	-4.848
4596.864	-4.835
4597.864	-4.822
4598.864	-4.808
4599.864	-4.795
4600.864	-4.782
4601.864	-4.768
4602.864	-4.755
4603.864	-4.742
4604.864	-4.729
4605.864	-4.716
4606.864	-4.702
4607.864	-4.689
4608.864	-4.676
4609.864	-4.663
4610.864	-4.65
4611.864	-4.637
4612.864	-4.624
4613.864	-4.611
4614.864	-4.598
4615.864	-4.586
4616.864	-4.573
4617.864	-4.56
4618.864	-4.547
4619.864	-4.535
4620.863	-4.522
4621.863	-4.509
4622.863	-4.497
4623.863	-4.484
4624.863	-4.472
4625.863	-4.459
4626.863	-4.447
4627.863	-4.434
4628.863	-4.422
4629.863	-4.409
4630.863	-4.397
4631.863	-4.385
4632.863	-4.372
4633.863	-4.36
4634.863	-4.348
4635.863	-4.336
4636.863	-4.324
4637.863	-4.312
4638.863	-4.3
4639.863	-4.288
4640.863	-4.276
4641.863	-4.263
4642.863	-4.252
4643.863	-4.24
4644.863	-4.228
4645.863	-4.216
4646.863	-4.204
4647.863	-4.192
4648.863	-4.181
4649.863	-4.169
4650.863	-4.157
4651.863	-4.146
4652.863	-4.135
4653.862	-4.123
4654.862	-4.113
4655.862	-4.102
4656.862	-4.091
4657.862	-4.08
4658.862	-4.069
4659.862	-4.059
4660.862	-4.049
4661.862	-4.038
4662.862	-4.028
4663.862	-4.018
4664.862	-4.008
4665.862	-3.998
4666.862	-3.988
4667.862	-3.978
4668.862	-3.968
4669.862	-3.964
4670.862	-3.961
4671.862	-3.958
4672.862	-3.955
4673.862	-3.952
4674.862	-3.948
4675.862	-3.945
4676.862	-3.942
4677.862	-3.939
4678.862	-3.936
4679.862	-3.932
4680.862	-3.929
4681.862	-3.926
4682.862	-3.923
4683.862	-3.92
4684.862	-3.917
4685.862	-3.913
4686.862	-3.91
4687.861	-3.907
4688.861	-3.904
4689.861	-3.901
4690.861	-3.898
4691.861	-3.894
4692.861	-3.891
4693.861	-3.888
4694.861	-3.885
4695.861	-3.882
4696.861	-3.879
4697.861	-3.876
4698.861	-3.873
4699.861	-3.869
4700.861	-3.866
4701.861	-3.863
4702.861	-3.86
4703.861	-3.857
4704.861	-3.854
4705.861	-3.851
4706.861	-3.848
4707.861	-3.845
4708.861	-3.841
4709.861	-3.838
4710.861	-3.835
4711.861	-3.832
4712.861	-3.829
4713.861	-3.826
4714.861	-3.823
4715.861	-3.82
4716.861	-3.817
4717.861	-3.814
4718.861	-3.81
4719.861	-3.807
4720.861	-3.804
4721.86	-3.801
4722.86	-3.798
4723.86	-3.795
4724.86	-3.792
4725.86	-3.789
4726.86	-3.786
4727.86	-3.783
4728.86	-3.78
4729.86	-3.777
4730.86	-3.774
4731.86	-3.771
4732.86	-3.767
4733.86	-3.764
4734.86	-3.761
4735.86	-3.758
4736.86	-3.755
4737.86	-3.752
4738.86	-3.749
4739.86	-3.746
4740.86	-3.743
4741.86	-3.74
4742.86	-3.737
4743.86	-3.734
4744.86	-3.731
4745.86	-3.728
4746.86	-3.725
4747.86	-3.722
4748.86	-3.719
4749.86	-3.716
4750.86	-3.713
4751.86	-3.71
4752.86	-3.707
4753.86	-3.704
4754.86	-3.701
4755.859	-3.698
4756.859	-3.695
4757.859	-3.692
4758.859	-3.689
4759.859	-3.686
4760.859	-3.683
4761.859	-3.68
4762.859	-3.677
4763.859	-3.674
4764.859	-3.671
4765.859	-3.668
4766.859	-3.665
4767.859	-3.662
4768.859	-3.659
4769.859	-3.656
4770.859	-3.653
4771.859	-3.65
4772.859	-3.647
4773.859	-3.644
4774.859	-3.642
4775.859	-3.639
4776.859	-3.636
4777.859	-3.633
4778.859	-3.63
4779.859	-3.627
4780.859	-3.624
4781.859	-3.621
4782.859	-3.618
4783.859	-3.615
4784.859	-3.612
4785.859	-3.61
4786.859	-3.607
4787.859	-3.604
4788.859	-3.601
4789.858	-3.598
4790.858	-3.595
4791.858	-3.592
4792.858	-3.589
4793.858	-3.586
4794.858	-3.583
4795.858	-3.58
4796.858	-3.578
4797.858	-3.575
4798.858	-3.572
4799.858	-3.569
4800.858	-3.566
4801.858	-3.563
4802.858	-3.56
4803.858	-3.557
4804.858	-3.554
4805.858	-3.551
4806.858	-3.548
4807.858	-3.545
4808.858	-3.543
4809.858	-3.54
4810.858	-3.537
4811.858	-3.534
4812.858	-3.531
4813.858	-3.527
4814.858	-3.523
4815.858	-3.519
4816.858	-3.515
4817.858	-3.51
4818.858	-3.506
4819.858	-3.502
4820.858	-3.498
4821.858	-3.494
4822.858	-3.49
4823.857	-3.485
4824.857	-3.481
4825.857	-3.477
4826.857	-3.473
4827.857	-3.469
4828.857	-3.465
4829.857	-3.461
4830.857	-3.456
4831.857	-3.452
4832.857	-3.448
4833.857	-3.444
4834.857	-3.44
4835.857	-3.436
4836.857	-3.431
4837.857	-3.427
4838.857	-3.423
4839.857	-3.419
4840.857	-3.415
4841.857	-3.411
4842.857	-3.406
4843.857	-3.402
4844.857	-3.398
4845.857	-3.394
4846.857	-3.39
4847.857	-3.386
4848.857	-3.381
4849.857	-3.377
4850.857	-3.373
4851.857	-3.369
4852.857	-3.365
4853.857	-3.361
4854.857	-3.356
4855.857	-3.352
4856.856	-3.348
4857.856	-3.344
4858.856	-3.34
4859.856	-3.336
4860.856	-3.332
4861.856	-3.327
4862.856	-3.323
4863.856	-3.319
4864.856	-3.315
4865.856	-3.311
4866.856	-3.307
4867.856	-3.302
4868.856	-3.298
4869.856	-3.294
4870.856	-3.29
4871.856	-3.286
4872.856	-3.282
4873.856	-3.277
4874.856	-3.273
4875.856	-3.269
4876.856	-3.265
4877.856	-3.261
4878.856	-3.257
4879.856	-3.252
4880.856	-3.248
4881.856	-3.244
4882.856	-3.24
4883.856	-3.236
4884.856	-3.232
4885.856	-3.227
4886.856	-3.223
4887.856	-3.219
4888.856	-3.215
4889.856	-3.211
4890.855	-3.207
4891.855	-3.203
4892.855	-3.199
4893.855	-3.195
4894.855	-3.191
4895.855	-3.188
4896.855	-3.184
4897.855	-3.18
4898.855	-3.177
4899.855	-3.173
4900.855	-3.17
4901.855	-3.166
4902.855	-3.163
4903.855	-3.16
4904.855	-3.156
4905.855	-3.153
4906.855	-3.15
4907.855	-3.147
4908.855	-3.144
4909.855	-3.141
4910.855	-3.138
4911.855	-3.135
4912.855	-3.132
4913.855	-3.129
4914.855	-3.126
4915.855	-3.124
4916.855	-3.121
4917.855	-3.119
4918.855	-3.116
4919.855	-3.113
4920.855	-3.111
4921.855	-3.109
4922.855	-3.106
4923.855	-3.104
4924.854	-3.102
4925.854	-3.1
4926.854	-3.097
4927.854	-3.095
4928.854	-3.093
4929.854	-3.091
4930.854	-3.089
4931.854	-3.087
4932.854	-3.086
4933.854	-3.084
4934.854	-3.082
4935.854	-3.08
4936.854	-3.079
4937.854	-3.077
4938.854	-3.076
4939.854	-3.074
4940.854	-3.073
4941.854	-3.071
4942.854	-3.07
4943.854	-3.069
4944.854	-3.068
4945.854	-3.066
4946.854	-3.065
4947.854	-3.064
4948.854	-3.063
4949.854	-3.062
4950.854	-3.061
4951.854	-3.061
4952.854	-3.06
4953.854	-3.059
4954.854	-3.058
4955.854	-3.058
4956.854	-3.057
4957.854	-3.058
4958.853	-3.06
4959.853	-3.061
4960.853	-3.063
4961.853	-3.065
4962.853	-3.067
4963.853	-3.069
4964.853	-3.071
4965.853	-3.072
4966.853	-3.074
4967.853	-3.076
4968.853	-3.078
4969.853	-3.08
4970.853	-3.082
4971.853	-3.084
4972.853	-3.086
4973.853	-3.087
4974.853	-3.089
4975.853	-3.091
4976.853	-3.093
4977.853	-3.095
4978.853	-3.097
4979.853	-3.098
4980.853	-3.1
4981.853	-3.102
4982.853	-3.104
4983.853	-3.106
4984.853	-3.108
4985.853	-3.11
4986.853	-3.112
4987.853	-3.113
4988.853	-3.115
4989.853	-3.117
4990.853	-3.119
4991.853	-3.121
4992.852	-3.123
4993.852	-3.124
4994.852	-3.126
4995.852	-3.128
4996.852	-3.13
4997.852	-3.132
4998.852	-3.134
4999.852	-3.136
5000.852	-3.137
5001.852	-3.139
5002.852	-3.141
5003.852	-3.143
5004.852	-3.145
5005.852	-3.147
5006.852	-3.149
5007.852	-1.835
5008.852	-1.788
5009.852	-1.743
5010.852	-1.697
5011.852	-1.652
5012.852	-1.608
5013.852	-1.564
5014.852	-1.52
5015.852	-1.477
5016.852	-1.435
5017.852	-1.392
5018.852	-1.351
5019.852	-1.309
5020.852	-1.268
5021.852	-1.228
5022.852	-1.188
5023.852	-1.148
5024.852	-1.109
5025.852	-1.07
5026.851	-1.032
5027.851	-0.994
5028.851	-0.957
5029.851	-0.92
5030.851	-0.883
5031.851	-0.847
5032.851	-0.811
5033.851	-0.776
5034.851	-0.741
5035.851	-0.707
5036.851	-0.673
5037.851	-0.639
5038.851	-0.606
5039.851	-0.574
5040.851	-0.542
5041.851	-0.51
5042.851	-0.478
5043.851	-0.448
5044.851	-0.417
5045.851	-0.387
5046.851	-0.358
5047.851	-0.329
5048.851	-0.3
5049.851	-0.272
5050.851	-0.244
5051.851	-0.217
5052.851	-0.19
5053.851	-0.163
5054.851	-0.137
5055.851	-0.111
5056.851	-0.086
5057.851	-0.062
5058.851	-0.037
5059.851	-0.014
5060.85	0.01
5061.85	0.033
5062.85	0.055
5063.85	0.077
5064.85	0.099
5065.85	0.12
5066.85	0.141
5067.85	0.161
5068.85	0.181
5069.85	0.201
5070.85	0.22
5071.85	0.238
5072.85	0.257
5073.85	0.274
5074.85	0.292
5075.85	0.308
5076.85	0.325
5077.85	0.341
5078.85	0.356
5079.85	0.371
5080.85	0.386
5081.85	0.4
5082.85	0.414
5083.85	0.427
5084.85	0.44
5085.85	0.452
5086.85	0.465
5087.85	0.476
5088.85	0.487
5089.85	0.498
5090.85	0.508
5091.85	0.518
5092.85	0.527
5093.849	0.536
5094.849	0.545
5095.849	0.553
5096.849	0.561
5097.849	0.568
5098.849	0.574
5099.849	0.581
5100.849	0.587
5101.849	0.59
5102.849	0.59
5103.849	0.59
5104.849	0.59
5105.849	0.59
5106.849	0.59
5107.849	0.59
5108.849	0.59
5109.849	0.59
5110.849	0.59
5111.849	0.59
5112.849	0.59
5113.849	0.59
5114.849	0.59
5115.849	0.59
5116.849	0.59
5117.849	0.59
5118.849	0.59
5119.849	0.59
5120.849	0.59
5121.849	0.59
5122.849	0.59
5123.849	0.59
5124.849	0.59
5125.849	0.59
5126.849	0.59
5127.848	0.59
5128.848	0.59
5129.848	0.59
5130.848	0.59
5131.848	0.59
5132.848	0.59
5133.848	0.59
5134.848	0.59
5135.848	0.59
5136.848	0.59
5137.848	0.59
5138.848	0.59
5139.848	0.59
5140.848	0.59
	
	
