X	Graphic Profile 1
0.000	8.268
0.999	8.335
1.999	8.394
2.998	8.435
3.998	8.445
4.997	8.461
5.997	8.486
6.996	8.481
7.996	8.448
8.995	8.400
9.994	8.337
10.994	8.242
11.993	8.150
12.993	8.065
13.992	8.019
14.992	7.989
15.991	7.971
16.990	7.965
17.990	8.030
18.989	8.110
19.989	8.164
20.988	8.122
21.988	8.043
22.987	7.926
23.987	7.771
24.986	7.589
25.985	7.421
26.985	7.260
27.984	7.113
28.984	6.995
29.983	6.905
30.983	6.844
31.982	6.810
32.982	6.769
33.981	6.726
34.980	6.678
35.980	6.619
36.979	6.549
37.979	6.468
38.978	6.376
39.978	6.312
40.977	6.334
41.976	6.442
42.976	6.533
43.975	6.609
44.975	6.668
45.974	6.712
46.974	6.750
47.973	6.845
48.973	7.003
49.972	7.189
50.971	7.404
51.971	7.647
52.970	7.918
53.970	8.229
54.969	8.731
55.969	9.275
56.968	9.827
57.968	10.387
58.967	10.954
59.966	11.529
60.966	12.111
61.965	13.051
62.965	14.242
63.964	15.613
64.964	17.164
65.963	18.896
66.962	20.808
67.962	22.901
68.961	25.045
69.961	26.949
70.960	28.751
71.960	30.451
72.959	32.050
73.959	33.547
74.958	34.935
75.957	35.999
76.957	36.297
77.956	36.617
78.956	36.959
79.955	37.322
80.955	37.708
81.954	38.134
82.954	38.691
83.953	39.262
84.952	39.861
85.952	40.497
86.951	41.168
87.951	41.877
88.950	42.645
89.950	43.530
90.949	44.634
91.948	45.813
92.948	46.936
93.947	48.004
94.947	49.016
95.946	50.007
96.946	51.091
97.945	52.352
98.945	53.840
99.944	55.280
100.943	56.670
101.943	58.010
102.942	59.189
103.942	60.337
104.941	61.547
105.941	62.975
106.940	64.419
107.940	65.870
108.939	67.329
109.938	68.455
110.938	69.465
111.937	70.475
112.937	71.433
113.936	72.407
114.936	73.432
115.935	74.509
116.934	75.451
117.934	76.340
118.933	77.196
119.933	77.854
120.932	78.185
121.932	78.496
122.931	78.791
123.931	79.397
124.930	79.993
125.929	80.579
126.929	81.156
127.928	81.733
128.928	82.287
129.927	82.842
130.927	83.528
131.926	84.216
132.925	84.905
133.925	85.595
134.924	86.269
135.924	86.939
136.923	87.610
137.923	88.281
138.922	88.963
139.922	89.656
140.921	90.362
141.920	91.083
142.920	91.815
143.919	92.269
144.919	92.343
145.918	92.425
146.918	92.516
147.917	92.614
148.917	92.723
149.916	92.846
150.915	92.915
151.915	92.937
152.914	92.959
153.914	92.981
154.913	93.002
155.913	93.023
156.912	93.042
157.911	93.060
158.911	93.075
159.910	93.087
160.910	93.097
161.909	93.105
162.909	93.110
163.908	93.136
164.908	93.213
165.907	93.287
166.906	93.351
167.906	93.406
168.905	93.450
169.905	93.485
170.904	93.506
171.904	93.516
172.903	93.531
173.903	93.551
174.902	93.576
175.901	93.607
176.901	93.642
177.900	93.679
178.900	93.570
179.899	93.472
180.899	93.399
181.898	93.349
182.897	93.324
183.897	93.322
184.896	93.338
185.896	93.321
186.895	93.341
187.895	93.419
188.894	93.556
189.894	93.752
190.893	94.007
191.892	94.285
192.892	94.480
193.891	94.611
194.891	94.728
195.890	94.830
196.890	94.918
197.889	94.992
198.889	95.168
199.888	95.510
200.887	95.844
201.887	96.152
202.886	96.437
203.886	96.697
204.885	96.933
205.885	97.184
206.884	97.478
207.883	97.853
208.883	98.238
209.882	98.603
210.882	98.946
211.881	99.268
212.881	99.382
213.880	99.435
214.880	99.485
215.879	99.530
216.878	99.566
217.878	99.595
218.877	99.614
219.877	99.571
220.876	99.525
221.876	99.485
222.875	99.445
223.875	99.411
224.874	99.383
225.873	99.361
226.873	99.347
227.872	99.333
228.872	99.319
229.871	99.301
230.871	99.282
231.870	99.264
232.869	99.249
233.869	99.241
234.868	99.235
235.868	99.233
236.867	99.228
237.867	99.218
238.866	99.209
239.866	99.198
240.865	99.181
241.864	99.169
242.864	99.162
243.863	99.159
244.863	99.150
245.862	99.139
246.862	99.129
247.861	99.120
248.861	99.108
249.860	99.093
250.859	99.073
251.859	99.057
252.858	99.040
253.858	99.022
254.857	99.002
255.857	98.983
256.856	98.964
257.855	98.946
258.855	98.936
259.854	98.932
260.854	98.945
261.853	98.969
262.853	98.997
263.852	99.031
264.852	99.068
265.851	99.112
266.850	99.159
267.850	99.214
268.849	99.262
269.849	99.300
270.848	99.327
271.848	99.344
272.847	99.350
273.847	99.356
274.846	99.368
275.845	99.384
276.845	99.403
277.844	99.426
278.844	99.451
279.843	99.480
280.843	99.516
281.842	99.534
282.841	99.543
283.841	99.542
284.840	99.530
285.840	99.509
286.839	99.478
287.839	99.459
288.838	99.490
289.838	99.519
290.837	99.546
291.836	99.571
292.836	99.595
293.835	99.616
294.835	99.644
295.834	99.694
296.834	99.740
297.833	99.782
298.833	99.820
299.832	99.854
300.831	99.884
301.831	99.909
302.830	99.932
303.830	99.954
304.829	99.976
305.829	99.997
306.828	100.019
307.827	100.041
308.827	100.080
309.826	100.132
310.826	100.190
311.825	100.256
312.825	100.328
313.824	100.406
314.824	100.492
315.823	100.484
316.822	100.430
317.822	100.364
318.821	100.304
319.821	100.249
320.820	100.200
321.820	100.157
322.819	100.175
323.819	100.190
324.818	100.222
325.817	100.251
326.817	100.274
327.816	100.290
328.816	100.299
329.815	100.319
330.815	100.332
331.814	100.343
332.813	100.356
333.813	100.365
334.812	100.373
335.812	100.384
336.811	100.422
337.811	100.465
338.810	100.511
339.810	100.553
340.809	100.579
341.808	100.590
342.808	100.592
343.807	100.615
344.807	100.652
345.806	100.704
346.806	100.766
347.805	100.819
348.805	100.861
349.804	100.881
350.803	100.882
351.803	100.878
352.802	100.867
353.802	100.856
354.801	100.854
355.801	100.859
356.800	100.874
357.799	100.891
358.799	100.907
359.798	100.920
360.798	100.932
361.797	100.940
362.797	100.943
363.796	100.963
364.796	100.978
365.795	100.980
366.794	100.969
367.794	100.944
368.793	100.970
369.793	100.999
370.792	101.060
371.792	101.121
372.791	101.178
373.790	101.232
374.790	101.281
375.789	101.328
376.789	101.379
377.788	101.426
378.788	101.463
379.787	101.491
380.787	101.509
381.786	101.518
382.785	101.514
383.785	101.507
384.784	101.500
385.784	101.501
386.783	101.509
387.783	101.524
388.782	101.546
389.782	101.575
390.781	101.581
391.780	101.601
392.780	101.638
393.779	101.693
394.779	101.766
395.778	101.856
396.778	101.963
397.777	102.061
398.776	102.120
399.776	102.180
400.775	102.242
401.775	102.305
402.774	102.369
403.774	102.434
404.773	102.443
405.773	102.394
406.772	102.350
407.771	102.312
408.771	102.278
409.770	102.250
410.770	102.227
411.769	102.201
412.769	102.164
413.768	102.130
414.768	102.099
415.767	102.072
416.766	102.047
417.766	102.026
418.765	101.982
419.765	101.940
420.764	101.898
421.764	101.855
422.763	101.811
423.762	101.765
424.762	101.717
425.761	101.754
426.761	101.801
427.760	101.846
428.760	101.884
429.759	101.914
430.759	101.936
431.758	101.949
432.757	101.935
433.757	101.920
434.756	101.906
435.756	101.893
436.755	101.882
437.755	101.873
438.754	101.868
439.754	101.873
440.753	101.876
441.752	101.886
442.752	101.897
443.751	101.908
444.751	101.920
445.750	101.930
446.750	101.930
447.749	101.929
448.748	101.922
449.748	101.915
450.747	101.910
451.747	101.909
452.746	101.907
453.746	101.902
454.745	101.896
455.745	101.888
456.744	101.878
457.743	101.868
458.743	101.858
459.742	101.853
460.742	101.852
461.741	101.851
462.741	101.851
463.740	101.849
464.740	101.848
465.739	101.847
466.738	101.847
467.738	101.847
468.737	101.849
469.737	101.853
470.736	101.853
471.736	101.853
472.735	101.855
473.734	101.852
474.734	101.850
475.733	101.849
476.733	101.849
477.732	101.848
478.732	101.846
479.731	101.844
480.731	101.831
481.730	101.821
482.729	101.813
483.729	101.807
484.728	101.803
485.728	101.802
486.727	101.805
487.727	101.817
488.726	101.829
489.726	101.841
490.725	101.852
491.724	101.863
492.724	101.872
493.723	101.877
494.723	101.874
495.722	101.875
496.722	101.879
497.721	101.887
498.720	101.897
499.720	101.904
500.719	101.903
501.719	101.902
502.718	101.905
503.718	101.910
504.717	101.919
505.717	101.931
506.716	101.945
507.715	101.949
508.715	101.950
509.714	101.953
510.714	101.960
511.713	101.969
512.713	101.981
513.712	101.996
514.712	101.989
515.711	101.981
516.710	101.976
517.710	101.976
518.709	101.979
519.709	101.986
520.708	101.998
521.708	102.006
522.707	102.013
523.706	102.020
524.706	102.027
525.705	102.034
526.705	102.042
527.704	102.049
528.704	102.059
529.703	102.067
530.703	102.076
531.702	102.085
532.701	102.093
533.701	102.102
534.700	102.117
535.700	102.192
536.699	102.266
537.699	102.333
538.698	102.395
539.698	102.451
540.697	102.500
541.696	102.534
542.696	102.541
543.695	102.566
544.695	102.587
545.694	102.596
546.694	102.593
547.693	102.576
548.692	102.548
549.692	102.522
550.691	102.502
551.691	102.486
552.690	102.477
553.690	102.474
554.689	102.477
555.689	102.484
556.688	102.494
557.687	102.506
558.687	102.517
559.686	102.534
560.686	102.555
561.685	102.582
562.685	102.598
563.684	102.607
564.684	102.617
565.683	102.623
566.682	102.630
567.682	102.641
568.681	102.654
569.681	102.658
570.680	102.659
571.680	102.660
572.679	102.659
573.678	102.656
574.678	102.651
575.677	102.645
576.677	102.648
577.676	102.652
578.676	102.656
579.675	102.662
580.675	102.675
581.674	102.684
582.673	102.690
583.673	102.708
584.672	102.727
585.672	102.748
586.671	102.769
587.671	102.791
588.670	102.812
589.670	102.829
590.669	102.829
591.668	102.828
592.668	102.827
593.667	102.826
594.667	102.831
595.666	102.844
596.666	102.861
597.665	102.882
598.664	102.901
599.664	102.920
600.663	102.937
601.663	102.951
602.662	102.955
603.662	102.963
604.661	102.978
605.661	102.997
606.660	103.018
607.659	103.043
608.659	103.072
609.658	103.089
610.658	103.099
611.657	103.106
612.657	103.114
613.656	103.124
614.656	103.136
615.655	103.149
616.654	103.172
617.654	103.196
618.653	103.219
619.653	103.241
620.652	103.265
621.652	103.288
622.651	103.312
623.650	103.334
624.650	103.339
625.649	103.343
626.649	103.348
627.648	103.353
628.648	103.358
629.647	103.364
630.647	103.370
631.646	103.396
632.645	103.420
633.645	103.442
634.644	103.461
635.644	103.478
636.643	103.492
637.643	103.506
638.642	103.525
639.641	103.541
640.641	103.554
641.640	103.564
642.640	103.571
643.639	103.575
644.639	103.578
645.638	103.596
646.638	103.621
647.637	103.645
648.636	103.666
649.636	103.685
650.635	103.702
651.635	103.718
652.634	103.735
653.634	103.757
654.633	103.778
655.633	103.799
656.632	103.819
657.631	103.839
658.631	103.852
659.630	103.858
660.630	103.854
661.629	103.851
662.629	103.852
663.628	103.857
664.627	103.866
665.627	103.884
666.626	103.903
667.626	103.921
668.625	103.938
669.625	103.954
670.624	103.969
671.624	103.982
672.623	103.996
673.622	104.010
674.622	104.024
675.621	104.040
676.621	104.064
677.620	104.094
678.620	104.130
679.619	104.161
680.619	104.192
681.618	104.222
682.617	104.225
683.617	104.223
684.616	104.223
685.616	104.224
686.615	104.217
687.615	104.212
688.614	104.207
689.613	104.216
690.613	104.237
691.612	104.258
692.612	104.279
693.611	104.297
694.611	104.310
695.610	104.319
696.610	104.321
697.609	104.316
698.608	104.316
699.608	104.319
700.607	104.319
701.607	104.314
702.606	104.303
703.606	104.287
704.605	104.261
705.605	104.236
706.604	104.270
707.603	104.357
708.603	104.428
709.602	104.483
710.602	104.522
711.601	104.561
712.601	104.605
713.600	104.638
714.599	104.663
715.599	104.686
716.598	104.708
717.598	104.728
718.597	104.761
719.597	104.825
720.596	104.873
721.596	104.919
722.595	104.969
723.594	105.022
724.594	105.079
725.593	105.140
726.593	105.213
727.592	105.309
728.592	105.405
729.591	105.499
730.591	105.589
731.590	105.677
732.589	105.762
733.589	105.828
734.588	105.845
735.588	105.858
736.587	105.868
737.587	105.875
738.586	105.878
739.585	105.879
740.585	105.876
741.584	105.876
742.584	105.873
743.583	105.867
744.583	105.857
745.582	105.845
746.582	105.829
747.581	105.810
748.580	105.807
749.580	105.804
750.579	105.803
751.579	105.802
752.578	105.801
753.578	105.802
754.577	105.805
755.577	105.808
756.576	105.810
757.575	105.811
758.575	105.811
759.574	105.811
760.574	105.810
761.573	105.793
762.573	105.763
763.572	105.735
764.571	105.711
765.571	105.691
766.570	105.675
767.570	105.663
768.569	105.652
769.569	105.640
770.568	105.626
771.568	105.613
772.567	105.601
773.566	105.591
774.566	105.582
775.565	105.589
776.565	105.601
777.564	105.599
778.564	105.599
779.563	105.604
780.563	105.616
781.562	105.632
782.561	105.636
783.561	105.641
784.560	105.651
785.560	105.663
786.559	105.677
787.559	105.693
788.558	105.709
789.557	105.718
790.557	105.726
791.556	105.730
792.556	105.719
793.555	105.705
794.555	105.688
795.554	105.671
796.554	105.668
797.553	105.670
798.552	105.676
799.552	105.706
800.551	105.735
801.551	105.762
802.550	105.786
803.550	105.804
804.549	105.821
805.549	105.837
806.548	105.851
807.547	105.865
808.547	105.880
809.546	105.896
810.546	105.913
811.545	105.927
812.545	105.939
813.544	105.955
814.543	105.985
815.543	106.022
816.542	106.062
817.542	106.088
818.541	106.095
819.541	106.084
820.540	106.055
821.540	106.035
822.539	106.022
823.538	106.053
824.538	106.081
825.537	106.090
826.537	106.080
827.536	106.051
828.536	106.057
829.535	106.084
830.535	106.121
831.534	106.152
832.533	106.174
833.533	106.190
834.532	106.197
835.532	106.187
836.531	106.163
837.531	106.154
838.530	106.154
839.529	106.162
840.529	106.178
841.528	106.202
842.528	106.234
843.527	106.251
844.527	106.248
845.526	106.247
846.526	106.247
847.525	106.248
848.524	106.251
849.524	106.254
850.523	106.268
851.523	106.282
852.522	106.299
853.522	106.318
854.521	106.339
855.521	106.361
856.520	106.386
857.519	106.398
858.519	106.391
859.518	106.383
860.518	106.372
861.517	106.359
862.517	106.343
863.516	106.325
864.515	106.325
865.515	106.350
866.514	106.366
867.514	106.372
868.513	106.370
869.513	106.358
870.512	106.337
871.512	106.322
872.511	106.359
873.510	106.396
874.510	106.428
875.509	106.454
876.509	106.474
877.508	106.489
878.508	106.492
879.507	106.502
880.506	106.528
881.506	106.561
882.505	106.604
883.505	106.656
884.504	106.716
885.504	106.766
886.503	106.799
887.503	106.778
888.502	106.726
889.501	106.644
890.501	106.533
891.500	106.409
892.500	106.431
893.499	106.495
894.499	106.655
895.498	106.817
896.498	106.979
897.497	107.143
898.496	107.272
899.496	107.295
900.495	107.315
901.495	107.306
902.494	107.280
903.494	107.249
904.493	107.214
905.492	107.176
906.492	107.138
907.491	107.100
908.491	107.054
909.490	106.996
910.490	106.936
911.489	106.875
912.489	106.825
913.488	106.793
914.487	106.773
915.487	106.766
916.486	106.786
917.486	106.805
918.485	106.824
919.485	106.833
920.484	106.834
921.484	106.830
922.483	106.822
923.482	106.805
924.482	106.787
925.481	106.770
926.481	106.760
927.480	106.756
928.480	106.758
929.479	106.765
930.478	106.765
931.478	106.755
932.477	106.747
933.477	106.731
934.476	106.720
935.476	106.715
936.475	106.715
937.475	106.720
938.474	106.725
939.473	106.730
940.473	106.708
941.472	106.685
942.472	106.660
943.471	106.633
944.471	106.605
945.470	106.579
946.470	106.558
947.469	106.555
948.468	106.554
949.468	106.553
950.467	106.554
951.467	106.556
952.466	106.556
953.466	106.552
954.465	106.544
955.464	106.540
956.464	106.539
957.463	106.542
958.463	106.547
959.462	106.554
960.462	106.559
961.461	106.567
962.461	106.568
963.460	106.564
964.459	106.554
965.459	106.538
966.458	106.515
967.458	106.531
968.457	106.553
969.457	106.567
970.456	106.573
971.456	106.572
972.455	106.563
973.454	106.547
974.454	106.544
975.453	106.544
976.453	106.536
977.452	106.521
978.452	106.497
979.451	106.467
980.450	106.429
981.450	106.438
982.449	106.477
983.449	106.508
984.448	106.532
985.448	106.547
986.447	106.555
987.447	106.554
988.446	106.560
989.445	106.575
990.445	106.594
991.444	106.617
992.444	106.645
993.443	106.677
994.443	106.716
995.442	106.777
996.442	106.839
997.441	106.896
998.440	106.949
999.440	106.998
1000.439	107.042
1001.439	107.071
1002.438	107.078
1003.438	107.093
1004.437	107.093
1005.436	107.087
1006.436	107.076
1007.435	107.058
1008.435	107.025
1009.434	106.986
1010.434	106.957
1011.433	106.937
1012.433	106.920
1013.432	106.906
1014.431	106.895
1015.431	106.894
1016.430	106.901
1017.430	106.908
1018.429	106.969
1019.429	107.043
1020.428	107.115
1021.428	107.186
1022.427	107.227
1023.426	107.235
1024.426	107.220
1025.425	107.188
1026.425	107.152
1027.424	107.108
1028.424	107.056
1029.423	107.073
1030.422	107.099
1031.422	107.116
1032.421	107.124
1033.421	107.123
1034.420	107.106
1035.420	107.074
1036.419	107.067
1037.419	107.066
1038.418	107.072
1039.417	107.084
1040.417	107.099
1041.416	107.109
1042.416	107.115
1043.415	107.130
1044.415	107.146
1045.414	107.164
1046.414	107.183
1047.413	107.207
1048.412	107.233
1049.412	107.269
1050.411	107.347
1051.411	107.427
1052.410	107.510
1053.410	107.596
1054.409	107.677
1055.408	107.734
1056.408	107.771
1057.407	107.778
1058.407	107.784
1059.406	107.790
1060.406	107.794
1061.405	107.798
1062.405	107.816
1063.404	107.837
1064.403	107.843
1065.403	107.841
1066.402	107.831
1067.402	107.811
1068.401	107.783
1069.401	107.763
1070.400	107.771
1071.400	107.783
1072.399	107.789
1073.398	107.789
1074.398	107.783
1075.397	107.771
1076.397	107.753
1077.396	107.757
1078.396	107.762
1079.395	107.759
1080.394	107.750
1081.394	107.733
1082.393	107.709
1083.393	107.683
1084.392	107.859
1085.392	108.020
1086.391	108.159
1087.391	108.275
1088.390	108.370
1089.389	108.442
1090.389	108.491
1091.388	108.504
1092.388	108.508
1093.387	108.508
1094.387	108.504
1095.386	108.496
1096.386	108.484
1097.385	108.473
1098.384	108.500
1099.384	108.544
1100.383	108.582
1101.383	108.613
1102.382	108.639
1103.382	108.659
1104.381	108.672
1105.380	108.679
1106.380	108.677
1107.379	108.679
1108.379	108.687
1109.378	108.700
1110.378	108.719
1111.377	108.749
1112.377	108.788
1113.376	108.816
1114.375	108.839
1115.375	108.860
1116.374	108.879
1117.374	108.896
1118.373	108.919
1119.373	108.952
1120.372	108.986
1121.371	109.014
1122.371	109.034
1123.370	109.046
1124.370	109.051
1125.369	109.046
1126.369	109.045
1127.368	109.053
1128.368	109.067
1129.367	109.083
1130.366	109.099
1131.366	109.117
1132.365	109.135
1133.365	109.156
1134.364	109.181
1135.364	109.221
1136.363	109.274
1137.363	109.340
1138.362	109.418
1139.361	109.455
1140.361	109.485
1141.360	109.508
1142.360	109.521
1143.359	109.536
1144.359	109.557
1145.358	109.583
1146.357	109.605
1147.357	109.624
1148.356	109.641
1149.356	109.653
1150.355	109.658
1151.355	109.661
1152.354	109.666
1153.354	109.685
1154.353	109.709
1155.352	109.737
1156.352	109.769
1157.351	109.785
1158.351	109.796
1159.350	109.801
1160.350	109.803
1161.349	109.803
1162.349	109.803
1163.348	109.801
1164.347	109.823
1165.347	109.863
1166.346	109.897
1167.346	109.913
1168.345	109.921
1169.345	109.920
1170.344	109.912
1171.343	109.902
1172.343	109.909
1173.342	109.935
1174.342	109.962
1175.341	109.986
1176.341	110.007
1177.340	110.024
1178.340	110.038
1179.339	110.030
1180.338	110.030
1181.338	110.032
1182.337	110.035
1183.337	110.039
1184.336	110.043
1185.336	110.048
1186.335	110.039
1187.335	110.039
1188.334	110.045
1189.333	110.054
1190.333	110.066
1191.332	110.082
1192.332	110.102
1193.331	110.111
1194.331	110.062
1195.330	110.016
1196.329	109.973
1197.329	109.934
1198.328	109.898
1199.328	109.865
1200.327	109.840
1201.327	109.840
1202.326	109.842
1203.326	109.848
1204.325	109.857
1205.324	109.868
1206.324	109.882
1207.323	109.912
1208.323	110.009
1209.322	110.094
1210.322	110.161
1211.321	110.209
1212.321	110.238
1213.320	110.248
1214.319	110.242
1215.319	110.251
1216.318	110.281
1217.318	110.320
1218.317	110.366
1219.317	110.420
1220.316	110.482
1221.315	110.551
1222.315	110.608
1223.314	110.634
1224.314	110.659
1225.313	110.683
1226.313	110.706
1227.312	110.727
1228.312	110.750
1229.311	110.772
1230.310	110.781
1231.310	110.788
1232.309	110.793
1233.309	110.795
1234.308	110.796
1235.308	110.806
1236.307	110.816
1237.307	110.826
1238.306	110.831
1239.305	110.829
1240.305	110.820
1241.304	110.804
1242.304	110.782
1243.303	110.756
1244.303	110.733
1245.302	110.724
1246.301	110.718
1247.301	110.716
1248.300	110.719
1249.300	110.733
1250.299	110.743
1251.299	110.749
1252.298	110.798
1253.298	110.862
1254.297	110.939
1255.296	111.034
1256.296	111.146
1257.295	111.267
1258.295	111.397
1259.294	111.532
1260.294	111.663
1261.293	111.793
1262.293	111.898
1263.292	111.964
1264.291	112.027
1265.291	112.086
1266.290	112.119
1267.290	112.118
1268.289	112.118
1269.289	112.099
1270.288	112.062
1271.287	112.024
1272.287	111.984
1273.286	111.941
1274.286	111.882
1275.285	111.819
1276.285	111.784
1277.284	111.765
1278.284	111.746
1279.283	111.726
1280.282	111.706
1281.282	111.702
1282.281	111.701
1283.281	111.707
1284.280	111.709
1285.280	111.706
1286.279	111.698
1287.279	111.685
1288.278	111.627
1289.277	111.500
1290.277	111.329
1291.276	111.165
1292.276	111.011
1293.275	110.866
1294.275	110.730
1295.274	110.621
1296.273	110.612
1297.273	110.651
1298.272	110.684
1299.272	110.710
1300.271	110.731
1301.271	110.744

