X	Graphic Profile 1
0.000	23.514
1.000	23.514
2.000	23.513
3.000	23.513
3.999	23.513
4.999	23.513
5.999	23.512
6.999	23.512
7.999	23.512
8.999	23.512
9.999	23.512
10.999	23.511
11.998	23.511
12.998	23.511
13.998	23.511
14.998	23.510
15.998	23.510
16.998	23.510
17.998	23.510
18.998	23.510
19.997	23.509
20.997	23.509
21.997	23.509
22.997	23.509
23.997	23.508
24.997	23.508
25.997	23.508
26.997	23.508
27.996	23.508
28.996	23.507
29.996	23.507
30.996	23.507
31.996	23.507
32.996	23.506
33.996	23.506
34.996	23.506
35.995	23.506
36.995	23.506
37.995	23.505
38.995	23.505
39.995	23.505
40.995	23.505
41.995	23.504
42.995	23.504
43.994	23.501
44.994	23.498
45.994	23.495
46.994	23.492
47.994	23.489
48.994	23.486
49.994	23.483
50.994	23.480
51.993	23.477
52.993	23.474
53.993	23.471
54.993	23.468
55.993	23.465
56.993	23.462
57.993	23.459
58.993	23.456
59.992	23.453
60.992	23.450
61.992	23.448
62.992	23.445
63.992	23.442
64.992	23.439
65.992	23.436
66.992	23.433
67.991	23.430
68.991	23.427
69.991	23.424
70.991	23.421
71.991	23.418
72.991	23.415
73.991	23.412
74.991	23.409
75.990	23.406
76.990	23.403
77.990	23.400
78.990	23.397
79.990	23.394
80.990	23.391
81.990	23.388
82.989	23.384
83.989	23.381
84.989	23.378
85.989	23.375
86.989	23.372
87.989	23.369
88.989	23.366
89.989	23.363
90.988	23.359
91.988	23.356
92.988	23.353
93.988	23.350
94.988	23.347
95.988	23.343
96.988	23.340
97.988	23.337
98.987	23.334
99.987	23.331
100.987	23.327
101.987	23.324
102.987	23.321
103.987	23.318
104.987	23.314
105.987	23.311
106.986	23.308
107.986	23.304
108.986	23.301
109.986	23.298
110.986	23.295
111.986	23.291
112.986	23.288
113.986	23.285
114.985	23.281
115.985	23.278
116.985	23.274
117.985	23.271
118.985	23.268
119.985	23.264
120.985	23.261
121.985	23.257
122.984	23.254
123.984	23.251
124.984	23.247
125.984	23.244
126.984	23.240
127.984	23.237
128.984	23.233
129.984	23.230
130.983	23.226
131.983	23.223
132.983	23.219
133.983	23.216
134.983	23.212
135.983	23.209
136.983	23.205
137.983	23.202
138.982	23.198
139.982	23.195
140.982	23.191
141.982	23.187
142.982	23.184
143.982	23.180
144.982	23.177
145.982	23.173
146.981	23.169
147.981	23.166
148.981	23.162
149.981	23.158
150.981	23.153
151.981	23.149
152.981	23.144
153.981	23.140
154.980	23.135
155.980	23.131
156.980	23.126
157.980	23.122
158.980	23.117
159.980	23.113
160.980	23.108
161.980	23.103
162.979	23.099
163.979	23.094
164.979	23.089
165.979	23.085
166.979	23.080
167.979	23.075
168.979	23.070
169.978	23.066
170.978	23.061
171.978	23.056
172.978	23.051
173.978	23.047
174.978	23.042
175.978	23.037
176.978	23.032
177.977	23.027
178.977	23.022
179.977	23.017
180.977	23.012
181.977	23.007
182.977	23.003
183.977	22.998
184.977	22.993
185.976	22.988
186.976	22.983
187.976	22.978
188.976	22.972
189.976	22.967
190.976	22.962
191.976	22.957
192.976	22.952
193.975	22.947
194.975	22.942
195.975	22.937
196.975	22.932
197.975	22.926
198.975	22.921
199.975	22.916
200.975	22.911
201.974	22.905
202.974	22.900
203.974	22.895
204.974	22.890
205.974	22.884
206.974	22.879
207.974	22.874
208.974	22.868
209.973	22.863
210.973	22.857
211.973	22.852
212.973	22.847
213.973	22.841
214.973	22.836
215.973	22.830
216.973	22.825
217.972	22.819
218.972	22.814
219.972	22.808
220.972	22.803
221.972	22.797
222.972	22.792
223.972	22.786
224.972	22.780
225.971	22.775
226.971	22.769
227.971	22.763
228.971	22.758
229.971	22.752
230.971	22.746
231.971	22.741
232.971	22.735
233.970	22.729
234.970	22.723
235.970	22.718
236.970	22.712
237.970	22.706
238.970	22.700
239.970	22.694
240.970	22.688
241.969	22.683
242.969	22.678
243.969	22.674
244.969	22.669
245.969	22.665
246.969	22.661
247.969	22.657
248.968	22.652
249.968	22.648
250.968	22.644
251.968	22.639
252.968	22.635
253.968	22.631
254.968	22.627
255.968	22.622
256.967	22.616
257.967	22.610
258.967	22.605
259.967	22.599
260.967	22.594
261.967	22.588
262.967	22.582
263.967	22.577
264.966	22.571
265.966	22.566
266.966	22.560
267.966	22.554
268.966	22.549
269.966	22.543
270.966	22.537
271.966	22.532
272.965	22.526
273.965	22.520
274.965	22.515
275.965	22.509
276.965	22.504
277.965	22.498
278.965	22.492
279.965	22.487
280.964	22.481
281.964	22.475
282.964	22.470
283.964	22.464
284.964	22.458
285.964	22.453
286.964	22.447
287.964	22.441
288.963	22.436
289.963	22.430
290.963	22.424
291.963	22.419
292.963	22.413
293.963	22.407
294.963	22.402
295.963	22.396
296.962	22.390
297.962	22.384
298.962	22.379
299.962	22.373
300.962	22.367
301.962	22.362
302.962	22.356
303.962	22.350
304.961	22.345
305.961	22.339
306.961	22.333
307.961	22.327
308.961	22.322
309.961	22.316
310.961	22.310
311.961	22.305
312.960	22.299
313.960	22.293
314.960	22.287
315.960	22.282
316.960	22.276
317.960	22.270
318.960	22.264
319.960	22.259
320.959	22.253
321.959	22.247
322.959	22.241
323.959	22.236
324.959	22.230
325.959	22.224
326.959	22.218
327.959	22.213
328.958	22.207
329.958	22.201
330.958	22.195
331.958	22.190
332.958	22.184
333.958	22.178
334.958	22.172
335.957	22.167
336.957	22.161
337.957	22.155
338.957	22.149
339.957	22.144
340.957	22.138
341.957	22.132
342.957	22.126
343.956	22.120
344.956	22.115
345.956	22.109
346.956	22.103
347.956	22.097
348.956	22.091
349.956	22.086
350.956	22.080
351.955	22.074
352.955	22.068
353.955	22.062
354.955	22.057
355.955	22.051
356.955	22.045
357.955	22.039
358.955	22.033
359.954	22.028
360.954	22.022
361.954	22.016
362.954	22.013
363.954	22.009
364.954	22.006
365.954	22.003
366.954	21.999
367.953	21.996
368.953	21.993
369.953	21.989
370.953	21.986
371.953	21.982
372.953	21.979
373.953	21.976
374.953	21.972
375.952	21.969
376.952	21.965
377.952	21.962
378.952	21.958
379.952	21.955
380.952	21.951
381.952	21.948
382.952	21.944
383.951	21.941
384.951	21.937
385.951	21.934
386.951	21.930
387.951	21.927
388.951	21.923
389.951	21.920
390.951	21.916
391.950	21.913
392.950	21.909
393.950	21.906
394.950	21.902
395.950	21.899
396.950	21.895
397.950	21.892
398.950	21.888
399.949	21.884
400.949	21.881
401.949	21.877
402.949	21.874
403.949	21.870
404.949	21.866
405.949	21.863
406.949	21.859
407.948	21.855
408.948	21.852
409.948	21.848
410.948	21.845
411.948	21.841
412.948	21.837
413.948	21.834
414.947	21.830
415.947	21.826
416.947	21.822
417.947	21.819
418.947	21.815
419.947	21.811
420.947	21.808
421.947	21.804
422.946	21.801
423.946	21.799
424.946	21.797
425.946	21.795
426.946	21.793
427.946	21.790
428.946	21.788
429.946	21.786
430.945	21.784
431.945	21.782
432.945	21.780
433.945	21.777
434.945	21.775
435.945	21.773
436.945	21.770
437.945	21.768
438.944	21.766
439.944	21.763
440.944	21.761
441.944	21.758
442.944	21.756
443.944	21.753
444.944	21.751
445.944	21.748
446.943	21.746
447.943	21.743
448.943	21.741
449.943	21.738
450.943	21.735
451.943	21.733
452.943	21.730
453.943	21.727
454.942	21.724
455.942	21.722
456.942	21.719
457.942	21.716
458.942	21.713
459.942	21.710
460.942	21.707
461.942	21.704
462.941	21.701
463.941	21.699
464.941	21.696
465.941	21.692
466.941	21.689
467.941	21.686
468.941	21.687
469.941	21.688
470.940	21.689
471.940	21.690
472.940	21.691
473.940	21.693
474.940	21.694
475.940	21.695
476.940	21.696
477.940	21.697
478.939	21.699
479.939	21.700
480.939	21.701
481.939	21.702
482.939	21.703
483.939	21.705
484.939	21.706
485.939	21.707
486.938	21.708
487.938	21.710
488.938	21.711
489.938	21.712
490.938	21.713
491.938	21.715
492.938	21.716
493.938	21.717
494.937	21.718
495.937	21.719
496.937	21.721
497.937	21.722
498.937	21.723
499.937	21.724
500.937	21.726
501.936	21.727
502.936	21.728
503.936	21.729
504.936	21.730
505.936	21.732
506.936	21.733
507.936	21.734
508.936	21.735
509.935	21.736
510.935	21.738
511.935	21.739
512.935	21.740
513.935	21.741
514.935	21.743
515.935	21.744
516.935	21.745
517.934	21.746
518.934	21.747
519.934	21.749
520.934	21.750
521.934	21.751
522.934	21.752
523.934	21.754
524.934	21.755
525.933	21.756
526.933	21.757
527.933	21.758
528.933	21.760
529.933	21.761
530.933	21.762
531.933	21.763
532.933	21.765
533.932	21.766
534.932	21.767
535.932	21.768
536.932	21.769
537.932	21.771
538.932	21.772
539.932	21.773
540.932	21.774
541.931	21.776
542.931	21.777
543.931	21.778
544.931	21.779
545.931	21.780
546.931	21.782
547.931	21.783
548.931	21.784
549.930	21.785
550.930	21.786
551.930	21.788
552.930	21.789
553.930	21.790
554.930	21.791
555.930	21.793
556.930	21.794
557.929	21.795
558.929	21.796
559.929	21.797
560.929	21.799
561.929	21.800
562.929	21.801
563.929	21.802
564.929	21.804
565.928	21.805
566.928	21.806
567.928	21.807
568.928	21.808
569.928	21.810
570.928	21.811
571.928	21.812
572.928	21.813
573.927	21.815
574.927	21.814
575.927	21.810
576.927	21.806
577.927	21.802
578.927	21.798
579.927	21.794
580.926	21.790
581.926	21.786
582.926	21.782
583.926	21.778
584.926	21.774
585.926	21.770
586.926	21.766
587.926	21.762
588.925	21.758
589.925	21.754
590.925	21.750
591.925	21.746
592.925	21.742
593.925	21.738
594.925	21.734
595.925	21.730
596.924	21.726
597.924	21.721
598.924	21.717
599.924	21.713
600.924	21.709
601.924	21.705
602.924	21.701
603.924	21.696
604.923	21.691
605.923	21.687
606.923	21.682
607.923	21.677
608.923	21.673
609.923	21.668
610.923	21.663
611.923	21.658
612.922	21.654
613.922	21.649
614.922	21.644
615.922	21.639
616.922	21.635
617.922	21.630
618.922	21.625
619.922	21.620
620.921	21.615
621.921	21.610
622.921	21.605
623.921	21.600
624.921	21.596
625.921	21.591
626.921	21.586
627.921	21.581
628.920	21.576
629.920	21.571
630.920	21.566
631.920	21.561
632.920	21.556
633.920	21.551
634.920	21.546
635.920	21.541
636.919	21.536
637.919	21.530
638.919	21.525
639.919	21.520
640.919	21.515
641.919	21.510
642.919	21.505
643.919	21.500
644.918	21.494
645.918	21.489
646.918	21.484
647.918	21.479
648.918	21.474
649.918	21.468
650.918	21.463
651.918	21.458
652.917	21.452
653.917	21.447
654.917	21.442
655.917	21.436
656.917	21.431
657.917	21.426
658.917	21.420
659.916	21.415
660.916	21.410
661.916	21.404
662.916	21.399
663.916	21.393
664.916	21.388
665.916	21.382
666.916	21.377
667.915	21.371
668.915	21.366
669.915	21.360
670.915	21.355
671.915	21.349
672.915	21.344
673.915	21.338
674.915	21.333
675.914	21.327
676.914	21.321
677.914	21.316
678.914	21.310
679.914	21.304
680.914	21.299
681.914	21.294
682.914	21.290
683.913	21.285
684.913	21.281
685.913	21.276
686.913	21.272
687.913	21.267
688.913	21.263
689.913	21.259
690.913	21.254
691.912	21.250
692.912	21.245
693.912	21.241
694.912	21.237
695.912	21.232
696.912	21.228
697.912	21.223
698.912	21.219
699.911	21.215
700.911	21.210
701.911	21.206
702.911	21.202
703.911	21.198
704.911	21.193
705.911	21.189
706.911	21.185
707.910	21.180
708.910	21.176
709.910	21.172
710.910	21.168
711.910	21.163
712.910	21.159
713.910	21.155
714.910	21.151
715.909	21.147
716.909	21.142
717.909	21.138
718.909	21.134
719.909	21.130
720.909	21.126
721.909	21.122
722.909	21.118
723.908	21.113
724.908	21.109
725.908	21.105
726.908	21.101
727.908	21.097
728.908	21.093
729.908	21.089
730.908	21.085
731.907	21.081
732.907	21.077
733.907	21.073
734.907	21.069
735.907	21.065
736.907	21.061
737.907	21.057
738.907	21.053
739.906	21.049
740.906	21.045
741.906	21.041
742.906	21.037
743.906	21.033
744.906	21.029
745.906	21.026
746.905	21.022
747.905	21.018
748.905	21.014
749.905	21.010
750.905	21.006
751.905	21.002
752.905	20.999
753.905	20.995
754.904	20.991
755.904	20.987
756.904	20.983
757.904	20.979
758.904	20.976
759.904	20.972
760.904	20.968
761.904	20.964
762.903	20.961
763.903	20.957
764.903	20.953
765.903	20.949
766.903	20.946
767.903	20.942
768.903	20.938
769.903	20.935
770.902	20.931
771.902	20.927
772.902	20.924
773.902	20.920
774.902	20.916
775.902	20.913
776.902	20.909
777.902	20.906
778.901	20.902
779.901	20.898
780.901	20.895
781.901	20.891
782.901	20.888
783.901	20.884
784.901	20.880
785.901	20.877
786.900	20.873
787.900	20.869
788.900	20.865
789.900	20.861
790.900	20.857
791.900	20.853
792.900	20.849
793.900	20.845
794.899	20.841
795.899	20.837
796.899	20.833
797.899	20.829
798.899	20.825
799.899	20.821
800.899	20.818
801.899	20.814
802.898	20.810
803.898	20.806
804.898	20.802
805.898	20.798
806.898	20.794
807.898	20.790
808.898	20.786
809.898	20.783
810.897	20.779
811.897	20.775
812.897	20.771
813.897	20.767
814.897	20.763
815.897	20.759
816.897	20.756
817.897	20.752
818.896	20.748
819.896	20.744
820.896	20.740
821.896	20.737
822.896	20.733
823.896	20.729
824.896	20.725
825.895	20.721
826.895	20.718
827.895	20.714
828.895	20.710
829.895	20.706
830.895	20.703
831.895	20.699
832.895	20.695
833.894	20.691
834.894	20.688
835.894	20.684
836.894	20.680
837.894	20.676
838.894	20.673
839.894	20.669
840.894	20.665
841.893	20.662
842.893	20.658
843.893	20.654
844.893	20.650
845.893	20.647
846.893	20.643
847.893	20.639
848.893	20.636
849.892	20.632
850.892	20.628
851.892	20.625
852.892	20.621
853.892	20.618
854.892	20.614
855.892	20.610
856.892	20.607
857.891	20.603
858.891	20.599
859.891	20.596
860.891	20.592
861.891	20.589
862.891	20.585
863.891	20.581
864.891	20.578
865.890	20.574
866.890	20.571
867.890	20.567
868.890	20.564
869.890	20.560
870.890	20.557
871.890	20.553
872.890	20.549
873.889	20.546
874.889	20.542
875.889	20.539
876.889	20.535
877.889	20.532
878.889	20.528
879.889	20.525
880.889	20.521
881.888	20.518
882.888	20.514
883.888	20.511
884.888	20.507
885.888	20.504
886.888	20.500
887.888	20.497
888.888	20.494
889.887	20.490
890.887	20.487
891.887	20.483
892.887	20.480
893.887	20.476
894.887	20.473
895.887	20.469
896.887	20.466
897.886	20.462
898.886	20.459
899.886	20.455
900.886	20.452
901.886	20.449
902.886	20.445
903.886	20.442
904.886	20.438
905.885	20.435
906.885	20.431
907.885	20.428
908.885	20.424
909.885	20.421
910.885	20.418
911.885	20.414
912.884	20.411
913.884	20.407
914.884	20.404
915.884	20.401
916.884	20.397
917.884	20.394
918.884	20.390
919.884	20.387
920.883	20.384
921.883	20.380
922.883	20.377
923.883	20.374
924.883	20.370
925.883	20.367
926.883	20.363
927.883	20.360
928.882	20.357
929.882	20.354
930.882	20.350
931.882	20.347
932.882	20.344
933.882	20.340
934.882	20.337
935.882	20.334
936.881	20.330
937.881	20.327
938.881	20.324
939.881	20.320
940.881	20.317
941.881	20.314
942.881	20.311
943.881	20.307
944.880	20.304
945.880	20.301
946.880	20.297
947.880	20.294
948.880	20.291
949.880	20.288
950.880	20.284
951.880	20.281
952.879	20.278
953.879	20.275
954.879	20.272
955.879	20.268
956.879	20.265
957.879	20.262
958.879	20.259
959.879	20.255
960.878	20.252
961.878	20.249
962.878	20.246
963.878	20.243
964.878	20.239
965.878	20.236
966.878	20.233
967.878	20.230
968.877	20.226
969.877	20.223
970.877	20.220
971.877	20.216
972.877	20.213
973.877	20.210
974.877	20.207
975.877	20.203
976.876	20.200
977.876	20.197
978.876	20.194
979.876	20.190
980.876	20.187
981.876	20.184
982.876	20.181
983.876	20.178
984.875	20.174
985.875	20.171
986.875	20.168
987.875	20.165
988.875	20.161
989.875	20.158
990.875	20.155
991.874	20.152
992.874	20.149
993.874	20.145
994.874	20.142
995.874	20.139
996.874	20.136
997.874	20.133
998.874	20.130
999.873	20.126
1000.873	20.127
1001.873	20.127
1002.873	20.128
1003.873	20.129
1004.873	20.130
1005.873	20.130
1006.873	20.131
1007.872	20.132
1008.872	20.132
1009.872	20.133
1010.872	20.134
1011.872	20.135
1012.872	20.135
1013.872	20.136
1014.872	20.137
1015.871	20.137
1016.871	20.138
1017.871	20.139
1018.871	20.140
1019.871	20.140
1020.871	20.141
1021.871	20.142
1022.871	20.142
1023.870	20.143
1024.870	20.144
1025.870	20.145
1026.870	20.145
1027.870	20.146
1028.870	20.147
1029.870	20.148
1030.870	20.148
1031.869	20.149
1032.869	20.150
1033.869	20.150
1034.869	20.151
1035.869	20.152
1036.869	20.153
1037.869	20.153
1038.869	20.154
1039.868	20.155
1040.868	20.155
1041.868	20.156
1042.868	20.157
1043.868	20.158
1044.868	20.158
1045.868	20.159
1046.868	20.160
1047.867	20.160
1048.867	20.161
1049.867	20.162
1050.867	20.163
1051.867	20.163
1052.867	20.164
1053.867	20.165
1054.867	20.166
1055.866	20.166
1056.866	20.167
1057.866	20.168
1058.866	20.168
1059.866	20.169
1060.866	20.170
1061.866	20.171
1062.866	20.171
1063.865	20.172
1064.865	20.173
1065.865	20.173
1066.865	20.174
1067.865	20.175
1068.865	20.176
1069.865	20.176
1070.864	20.177
1071.864	20.178
1072.864	20.179
1073.864	20.179
1074.864	20.180
1075.864	20.181
1076.864	20.181
1077.864	20.182
1078.863	20.183
1079.863	20.184
1080.863	20.184
1081.863	20.185
1082.863	20.186
1083.863	20.186
1084.863	20.187
1085.863	20.188
1086.862	20.189
1087.862	20.189
1088.862	20.190
1089.862	20.191
1090.862	20.191
1091.862	20.192
1092.862	20.193
1093.862	20.194
1094.861	20.194
1095.861	20.195
1096.861	20.196
1097.861	20.197
1098.861	20.197
1099.861	20.198
1100.861	20.199
1101.861	20.199
1102.860	20.200
1103.860	20.201
1104.860	20.202
1105.860	20.202
1106.860	20.201
1107.860	20.198
1108.860	20.195
1109.860	20.192
1110.859	20.190
1111.859	20.187
1112.859	20.184
1113.859	20.181
1114.859	20.178
1115.859	20.175
1116.859	20.172
1117.859	20.169
1118.858	20.166
1119.858	20.164
1120.858	20.161
1121.858	20.158
1122.858	20.155
1123.858	20.152
1124.858	20.149
1125.858	20.146
1126.857	20.144
1127.857	20.141
1128.857	20.138
1129.857	20.135
1130.857	20.132
1131.857	20.129
1132.857	20.127
1133.857	20.124
1134.856	20.121
1135.856	20.118
1136.856	20.115
1137.856	20.112
1138.856	20.110
1139.856	20.107
1140.856	20.104
1141.856	20.101
1142.855	20.098
1143.855	20.096
1144.855	20.093
1145.855	20.090
1146.855	20.087
1147.855	20.085
1148.855	20.082
1149.855	20.079
1150.854	20.076
1151.854	20.074
1152.854	20.071
1153.854	20.068
1154.854	20.065
1155.854	20.063
1156.854	20.060
1157.853	20.057
1158.853	20.055
1159.853	20.052
1160.853	20.049
1161.853	20.047
1162.853	20.044
1163.853	20.042
1164.853	20.039
1165.852	20.037
1166.852	20.034
1167.852	20.032
1168.852	20.029
1169.852	20.027
1170.852	20.024
1171.852	20.022
1172.852	20.019
1173.851	20.017
1174.851	20.014
1175.851	20.012
1176.851	20.009
1177.851	20.007
1178.851	20.004
1179.851	20.002
1180.851	20.000
1181.850	19.997
1182.850	19.995
1183.850	19.993
1184.850	19.990
1185.850	19.988
1186.850	19.985
1187.850	19.983
1188.850	19.981
1189.849	19.979
1190.849	19.976
1191.849	19.974
1192.849	19.972
1193.849	19.970
1194.849	19.967
1195.849	19.965
1196.849	19.963
1197.848	19.961
1198.848	19.959
1199.848	19.956
1200.848	19.954
1201.848	19.952
1202.848	19.950
1203.848	19.948
1204.848	19.946
1205.847	19.944
1206.847	19.942
1207.847	19.940
1208.847	19.937
1209.847	19.935
1210.847	19.933
1211.847	19.931
1212.847	19.929
1213.846	19.927
1214.846	19.925
1215.846	19.923
1216.846	19.921
1217.846	19.920
1218.846	19.918
1219.846	19.916
1220.846	19.914
1221.845	19.912
1222.845	19.910
1223.845	19.908
1224.845	19.906
1225.845	19.904
1226.845	19.902
1227.845	19.900
1228.845	19.898
1229.844	19.896
1230.844	19.894
1231.844	19.892
1232.844	19.890
1233.844	19.889
1234.844	19.887
1235.844	19.885
1236.843	19.883
1237.843	19.881
1238.843	19.879
1239.843	19.877
1240.843	19.875
1241.843	19.873
1242.843	19.871
1243.843	19.869
1244.842	19.868
1245.842	19.866
1246.842	19.864
1247.842	19.862
1248.842	19.860
1249.842	19.858
1250.842	19.856
1251.842	19.854
1252.841	19.853
1253.841	19.851
1254.841	19.849
1255.841	19.847
1256.841	19.845
1257.841	19.843
1258.841	19.841
1259.841	19.839
1260.840	19.838
1261.840	19.836
1262.840	19.834
1263.840	19.832
1264.840	19.830
1265.840	19.828
1266.840	19.826
1267.840	19.825
1268.839	19.823
1269.839	19.821
1270.839	19.819
1271.839	19.817
1272.839	19.815
1273.839	19.814
1274.839	19.812
1275.839	19.810
1276.838	19.808
1277.838	19.806
1278.838	19.804
1279.838	19.803
1280.838	19.801
1281.838	19.799
1282.838	19.797
1283.838	19.795
1284.837	19.793
1285.837	19.792
1286.837	19.790
1287.837	19.788
1288.837	19.786
1289.837	19.784
1290.837	19.783
1291.837	19.781
1292.836	19.779
1293.836	19.777
1294.836	19.775
1295.836	19.774
1296.836	19.772
1297.836	19.770
1298.836	19.768
1299.836	19.767
1300.835	19.765
1301.835	19.763
1302.835	19.761
1303.835	19.759
1304.835	19.758
1305.835	19.756
1306.835	19.754
1307.835	19.752
1308.834	19.751
1309.834	19.749
1310.834	19.747
1311.834	19.745
1312.834	19.744
1313.834	19.742
1314.834	19.740
1315.834	19.738
1316.833	19.737
1317.833	19.735
1318.833	19.733
1319.833	19.732
1320.833	19.730
1321.833	19.728
1322.833	19.727
1323.832	19.725
1324.832	19.724
1325.832	19.721
1326.832	19.719
1327.832	19.716
1328.832	19.714
1329.832	19.711
1330.832	19.709
1331.831	19.706
1332.831	19.704
1333.831	19.701
1334.831	19.699
1335.831	19.696
1336.831	19.694
1337.831	19.691
1338.831	19.689
1339.830	19.686
1340.830	19.684
1341.830	19.682
1342.830	19.679
1343.830	19.677
1344.830	19.674
1345.830	19.672
1346.830	19.669
1347.829	19.667
1348.829	19.664
1349.829	19.662
1350.829	19.659
1351.829	19.657
1352.829	19.654
1353.829	19.652
1354.829	19.649
1355.828	19.647
1356.828	19.644
1357.828	19.642
1358.828	19.639
1359.828	19.637
1360.828	19.634
1361.828	19.632
1362.828	19.629
1363.827	19.627
1364.827	19.624
1365.827	19.622
1366.827	19.619
1367.827	19.617
1368.827	19.614
1369.827	19.612
1370.827	19.609
1371.826	19.607
1372.826	19.604
1373.826	19.602
1374.826	19.599
1375.826	19.597
1376.826	19.594
1377.826	19.592
1378.826	19.589
1379.825	19.587
1380.825	19.585
1381.825	19.582
1382.825	19.580
1383.825	19.577
1384.825	19.575
1385.825	19.572
1386.825	19.570
1387.824	19.567
1388.824	19.565
1389.824	19.562
1390.824	19.560
1391.824	19.557
1392.824	19.555
1393.824	19.552
1394.824	19.550
1395.823	19.547
1396.823	19.545
1397.823	19.542
1398.823	19.540
1399.823	19.537
1400.823	19.535
1401.823	19.532
1402.822	19.530
1403.822	19.527
1404.822	19.525
1405.822	19.522
1406.822	19.520
1407.822	19.517
1408.822	19.515
1409.822	19.512
1410.821	19.510
1411.821	19.507
1412.821	19.505
1413.821	19.502
1414.821	19.500
1415.821	19.497
1416.821	19.495
1417.821	19.492
1418.820	19.490
1419.820	19.487
1420.820	19.485
1421.820	19.483
1422.820	19.480
1423.820	19.478
1424.820	19.475
1425.820	19.473
1426.819	19.470
1427.819	19.468
1428.819	19.465
1429.819	19.463
1430.819	19.461
1431.819	19.458
1432.819	19.456
1433.819	19.453
1434.818	19.451
1435.818	19.449
1436.818	19.446
1437.818	19.444
1438.818	19.441
1439.818	19.439
1440.818	19.437
1441.818	19.434
1442.817	19.432
1443.817	19.430
1444.817	19.427
1445.817	19.425
1446.817	19.422
1447.817	19.420
1448.817	19.418
1449.817	19.415
1450.816	19.413
1451.816	19.410
1452.816	19.408
1453.816	19.406
1454.816	19.403
1455.816	19.401
1456.816	19.398
1457.816	19.396
1458.815	19.394
1459.815	19.391
1460.815	19.389
1461.815	19.386
1462.815	19.384
1463.815	19.382
1464.815	19.379
1465.815	19.377
1466.814	19.374
1467.814	19.372
1468.814	19.370
1469.814	19.367
1470.814	19.365
1471.814	19.362
1472.814	19.360
1473.814	19.358
1474.813	19.355
1475.813	19.353
1476.813	19.351
1477.813	19.348
1478.813	19.346
1479.813	19.343
1480.813	19.341
1481.813	19.339
1482.812	19.336
1483.812	19.334
1484.812	19.331
1485.812	19.329
1486.812	19.327
1487.812	19.324
1488.812	19.322
1489.811	19.319
1490.811	19.317
1491.811	19.315
1492.811	19.312
1493.811	19.310
1494.811	19.307
1495.811	19.305
1496.811	19.303
1497.810	19.300
1498.810	19.298
1499.810	19.295
1500.810	19.293
1501.810	19.291
1502.810	19.288
1503.810	19.286
1504.810	19.283
1505.809	19.281
1506.809	19.279
1507.809	19.276
1508.809	19.274
1509.809	19.271
1510.809	19.269
1511.809	19.266
1512.809	19.264
1513.808	19.261
1514.808	19.259
1515.808	19.256
1516.808	19.254
1517.808	19.251
1518.808	19.249
1519.808	19.246
1520.808	19.244
1521.807	19.241
1522.807	19.238
1523.807	19.236
1524.807	19.234
1525.807	19.231
1526.807	19.228
1527.807	19.226
1528.807	19.223
1529.806	19.221
1530.806	19.218
1531.806	19.216
1532.806	19.216
1533.806	19.216
1534.806	19.217
1535.806	19.217
1536.806	19.217
1537.805	19.217
1538.805	19.217
1539.805	19.218
1540.805	19.218
1541.805	19.218
1542.805	19.218
1543.805	19.219
1544.805	19.219
1545.804	19.219
1546.804	19.219
1547.804	19.219
1548.804	19.220
1549.804	19.220
1550.804	19.220
1551.804	19.220
1552.804	19.221
1553.803	19.221
1554.803	19.221
1555.803	19.221
1556.803	19.221
1557.803	19.222
1558.803	19.222
1559.803	19.222
1560.803	19.222
1561.802	19.223
1562.802	19.223
1563.802	19.223
1564.802	19.223
1565.802	19.223
1566.802	19.224
1567.802	19.224
1568.801	19.224
1569.801	19.224
1570.801	19.225
1571.801	19.225
1572.801	19.225
1573.801	19.225
1574.801	19.225
1575.801	19.226
1576.800	19.226
1577.800	19.226
1578.800	19.226
1579.800	19.227
1580.800	19.227
1581.800	19.227
1582.800	19.227
1583.800	19.227
1584.799	19.228
1585.799	19.228
1586.799	19.228
1587.799	19.228
1588.799	19.229
1589.799	19.229
1590.799	19.229
1591.799	19.229
1592.798	19.229
1593.798	19.230
1594.798	19.230
1595.798	19.230
1596.798	19.230
1597.798	19.231
1598.798	19.231
1599.798	19.231
1600.797	19.231
1601.797	19.231
1602.797	19.232
1603.797	19.232
1604.797	19.232
1605.797	19.232
1606.797	19.233
1607.797	19.233
1608.796	19.233
1609.796	19.233
1610.796	19.233
1611.796	19.234
1612.796	19.234
1613.796	19.234
1614.796	19.234
1615.796	19.235
1616.795	19.235
1617.795	19.235
1618.795	19.235
1619.795	19.235
1620.795	19.236
1621.795	19.236
1622.795	19.236
1623.795	19.236
1624.794	19.237
1625.794	19.237
1626.794	19.237
1627.794	19.237
1628.794	19.237
1629.794	19.238
1630.794	19.238
1631.794	19.238
1632.793	19.238
1633.793	19.238
1634.793	19.239
1635.793	19.239
1636.793	19.239
1637.793	19.239
1638.793	19.238
1639.793	19.235
1640.792	19.233
1641.792	19.230
1642.792	19.228
1643.792	19.225
1644.792	19.222
1645.792	19.220
1646.792	19.217
1647.791	19.215
1648.791	19.212
1649.791	19.209
1650.791	19.207
1651.791	19.204
1652.791	19.202
1653.791	19.199
1654.791	19.197
1655.790	19.194
1656.790	19.191
1657.790	19.189
1658.790	19.186
1659.790	19.184
1660.790	19.181
1661.790	19.178
1662.790	19.176
1663.789	19.173
1664.789	19.171
1665.789	19.168
1666.789	19.165
1667.789	19.163
1668.789	19.160
1669.789	19.158
1670.789	19.155
1671.788	19.152
1672.788	19.150
1673.788	19.147
1674.788	19.145
1675.788	19.142
1676.788	19.139
1677.788	19.137
1678.788	19.134
1679.787	19.131
1680.787	19.129
1681.787	19.126
1682.787	19.124
1683.787	19.121
1684.787	19.118
1685.787	19.116
1686.787	19.113
1687.786	19.111
1688.786	19.108
1689.786	19.106
1690.786	19.103
1691.786	19.101
1692.786	19.099
1693.786	19.096
1694.786	19.094
1695.785	19.091
1696.785	19.089
1697.785	19.086
1698.785	19.084
1699.785	19.081
1700.785	19.079
1701.785	19.077
1702.785	19.074
1703.784	19.072
1704.784	19.069
1705.784	19.067
1706.784	19.065
1707.784	19.062
1708.784	19.060
1709.784	19.057
1710.784	19.055
1711.783	19.053
1712.783	19.050
1713.783	19.048
1714.783	19.045
1715.783	19.043
1716.783	19.041
1717.783	19.038
1718.783	19.036
1719.782	19.034
1720.782	19.031
1721.782	19.029
1722.782	19.027
1723.782	19.024
1724.782	19.022
1725.782	19.019
1726.782	19.017
1727.781	19.015
1728.781	19.012
1729.781	19.010
1730.781	19.008
1731.781	19.005
1732.781	19.003
1733.781	19.001
1734.780	18.999
1735.780	18.996
1736.780	18.994
1737.780	18.992
1738.780	18.989
1739.780	18.987
1740.780	18.985
1741.780	18.982
1742.779	18.980
1743.779	18.978
1744.779	18.975
1745.779	18.973
1746.779	18.970
1747.779	18.967
1748.779	18.965
1749.779	18.962
1750.778	18.959
1751.778	18.956
1752.778	18.954
1753.778	18.951
1754.778	18.948
1755.778	18.946
1756.778	18.943
1757.778	18.940
1758.777	18.937
1759.777	18.935
1760.777	18.932
1761.777	18.929
1762.777	18.926
1763.777	18.924
1764.777	18.921
1765.777	18.918
1766.776	18.915
1767.776	18.912
1768.776	18.910
1769.776	18.907
1770.776	18.904
1771.776	18.901
1772.776	18.899
1773.776	18.896
1774.775	18.893
1775.775	18.890
1776.775	18.887
1777.775	18.884
1778.775	18.882
1779.775	18.879
1780.775	18.876
1781.775	18.873
1782.774	18.870
1783.774	18.867
1784.774	18.865
1785.774	18.862
1786.774	18.859
1787.774	18.856
1788.774	18.853
1789.774	18.850
1790.773	18.847
1791.773	18.844
1792.773	18.842
1793.773	18.839
1794.773	18.836
1795.773	18.833
1796.773	18.830
1797.773	18.827
1798.772	18.824
1799.772	18.821
1800.772	18.818
1801.772	18.815
1802.772	18.812
1803.772	18.810
1804.772	18.807
1805.772	18.804
1806.771	18.801
1807.771	18.798
1808.771	18.795
1809.771	18.792
1810.771	18.789
1811.771	18.786
1812.771	18.783
1813.770	18.780
1814.770	18.777
1815.770	18.774
1816.770	18.771
1817.770	18.768
1818.770	18.765
1819.770	18.762
1820.770	18.759
1821.769	18.756
1822.769	18.753
1823.769	18.750
1824.769	18.747
1825.769	18.744
1826.769	18.741
1827.769	18.738
1828.769	18.735
1829.768	18.732
1830.768	18.729
1831.768	18.726
1832.768	18.723
1833.768	18.720
1834.768	18.717
1835.768	18.714
1836.768	18.710
1837.767	18.707
1838.767	18.704
1839.767	18.701
1840.767	18.698
1841.767	18.695
1842.767	18.692
1843.767	18.689
1844.767	18.686
1845.766	18.683
1846.766	18.680
1847.766	18.676
1848.766	18.673
1849.766	18.670
1850.766	18.667
1851.766	18.664
1852.766	18.660
1853.765	18.657
1854.765	18.653
1855.765	18.650
1856.765	18.647
1857.765	18.643
1858.765	18.640
1859.765	18.636
1860.765	18.633
1861.764	18.629
1862.764	18.626
1863.764	18.622
1864.764	18.619
1865.764	18.615
1866.764	18.612
1867.764	18.608
1868.764	18.605
1869.763	18.602
1870.763	18.598
1871.763	18.595
1872.763	18.591
1873.763	18.588
1874.763	18.584
1875.763	18.581
1876.763	18.577
1877.762	18.574
1878.762	18.570
1879.762	18.567
1880.762	18.563
1881.762	18.560
1882.762	18.556
1883.762	18.553
1884.762	18.549
1885.761	18.546
1886.761	18.542
1887.761	18.539
1888.761	18.535
1889.761	18.532
1890.761	18.528
1891.761	18.525
1892.761	18.521
1893.760	18.518
1894.760	18.514
1895.760	18.511
1896.760	18.507
1897.760	18.504
1898.760	18.500
1899.760	18.497
1900.759	18.493
1901.759	18.490
1902.759	18.486
1903.759	18.482
1904.759	18.479
1905.759	18.475
1906.759	18.472
1907.759	18.468
1908.758	18.465
1909.758	18.461
1910.758	18.458
1911.758	18.454
1912.758	18.450
1913.758	18.447
1914.758	18.443
1915.758	18.440
1916.757	18.436
1917.757	18.433
1918.757	18.429
1919.757	18.426
1920.757	18.422
1921.757	18.418
1922.757	18.415
1923.757	18.411
1924.756	18.408
1925.756	18.404
1926.756	18.400
1927.756	18.397
1928.756	18.393
1929.756	18.390
1930.756	18.386
1931.756	18.383
1932.755	18.379
1933.755	18.375
1934.755	18.372
1935.755	18.368
1936.755	18.365
1937.755	18.361
1938.755	18.357
1939.755	18.354
1940.754	18.350
1941.754	18.346
1942.754	18.343
1943.754	18.339
1944.754	18.336
1945.754	18.332
1946.754	18.328
1947.754	18.325
1948.753	18.321
1949.753	18.317
1950.753	18.314
1951.753	18.310
1952.753	18.307
1953.753	18.303
1954.753	18.299
1955.753	18.296
1956.752	18.292
1957.752	18.288
1958.752	18.284
1959.752	18.280
1960.752	18.276
1961.752	18.272
1962.752	18.268
1963.752	18.264
1964.751	18.260
1965.751	18.256
1966.751	18.252
1967.751	18.248
1968.751	18.244
1969.751	18.240
1970.751	18.236
1971.751	18.232
1972.750	18.228
1973.750	18.224
1974.750	18.220
1975.750	18.216
1976.750	18.212
1977.750	18.208
1978.750	18.204
1979.749	18.200
1980.749	18.196
1981.749	18.192
1982.749	18.188
1983.749	18.184
1984.749	18.179
1985.749	18.175
1986.749	18.171
1987.748	18.167
1988.748	18.163
1989.748	18.159
1990.748	18.155
1991.748	18.151
1992.748	18.147
1993.748	18.143
1994.748	18.139
1995.747	18.135
1996.747	18.130
1997.747	18.126
1998.747	18.122
1999.747	18.118
2000.747	18.114
2001.747	18.110
2002.747	18.106
2003.746	18.102
2004.746	18.098
2005.746	18.093
2006.746	18.089
2007.746	18.085
2008.746	18.081
2009.746	18.077
2010.746	18.073
2011.745	18.069
2012.745	18.064
2013.745	18.060
2014.745	18.056
2015.745	18.052
2016.745	18.048
2017.745	18.044
2018.745	18.039
2019.744	18.035
2020.744	18.031
2021.744	18.027
2022.744	18.023
2023.744	18.019
2024.744	18.014
2025.744	18.010
2026.744	18.006
2027.743	18.002
2028.743	17.998
2029.743	17.993
2030.743	17.989
2031.743	17.985
2032.743	17.981
2033.743	17.977
2034.743	17.972
2035.742	17.968
2036.742	17.964
2037.742	17.960
2038.742	17.955
2039.742	17.951
2040.742	17.947
2041.742	17.943
2042.742	17.938
2043.741	17.934
2044.741	17.930
2045.741	17.926
2046.741	17.921
2047.741	17.917
2048.741	17.913
2049.741	17.909
2050.741	17.905
2051.740	17.901
2052.740	17.896
2053.740	17.892
2054.740	17.888
2055.740	17.884
2056.740	17.880
2057.740	17.876
2058.740	17.871
2059.739	17.867
2060.739	17.863
2061.739	17.859
2062.739	17.855
2063.739	17.850
2064.739	17.846
2065.739	17.842
2066.738	17.837
2067.738	17.833
2068.738	17.828
2069.738	17.824
2070.738	17.820
2071.738	17.815
2072.738	17.811
2073.738	17.806
2074.737	17.802
2075.737	17.798
2076.737	17.793
2077.737	17.789
2078.737	17.784
2079.737	17.780
2080.737	17.776
2081.737	17.771
2082.736	17.767
2083.736	17.762
2084.736	17.758
2085.736	17.754
2086.736	17.749
2087.736	17.745
2088.736	17.740
2089.736	17.736
2090.735	17.731
2091.735	17.727
2092.735	17.722
2093.735	17.718
2094.735	17.714
2095.735	17.709
2096.735	17.705
2097.735	17.700
2098.734	17.696
2099.734	17.691
2100.734	17.687
2101.734	17.682
2102.734	17.678
2103.734	17.674
2104.734	17.669
2105.734	17.665
2106.733	17.660
2107.733	17.656
2108.733	17.651
2109.733	17.647
2110.733	17.642
2111.733	17.638
2112.733	17.633
2113.733	17.629
2114.732	17.624
2115.732	17.620
2116.732	17.615
2117.732	17.611
2118.732	17.606
2119.732	17.602
2120.732	17.597
2121.732	17.593
2122.731	17.588
2123.731	17.584
2124.731	17.579
2125.731	17.575
2126.731	17.570
2127.731	17.566
2128.731	17.561
2129.731	17.557
2130.730	17.552
2131.730	17.548
2132.730	17.543
2133.730	17.539
2134.730	17.534
2135.730	17.530
2136.730	17.525
2137.730	17.521
2138.729	17.516
2139.729	17.511
2140.729	17.507
2141.729	17.502
2142.729	17.498
2143.729	17.493
2144.729	17.489
2145.728	17.484
2146.728	17.480
2147.728	17.475
2148.728	17.471
2149.728	17.466
2150.728	17.461
2151.728	17.457
2152.728	17.452
2153.727	17.448
2154.727	17.443
2155.727	17.439
2156.727	17.434
2157.727	17.429
2158.727	17.425
2159.727	17.420
2160.727	17.416
2161.726	17.411
2162.726	17.406
2163.726	17.402
2164.726	17.397
2165.726	17.393
2166.726	17.388
2167.726	17.384
2168.726	17.379
2169.725	17.374
2170.725	17.373
2171.725	17.373
2172.725	17.373
2173.725	17.373
2174.725	17.373
2175.725	17.373
2176.725	17.373
2177.724	17.373
2178.724	17.373
2179.724	17.373
2180.724	17.373
2181.724	17.373
2182.724	17.373
2183.724	17.372
2184.724	17.372
2185.723	17.372
2186.723	17.372
2187.723	17.372
2188.723	17.372
2189.723	17.372
2190.723	17.372
2191.723	17.372
2192.723	17.372
2193.722	17.372
2194.722	17.372
2195.722	17.372
2196.722	17.372
2197.722	17.372
2198.722	17.372
2199.722	17.372
2200.722	17.372
2201.721	17.371
2202.721	17.371
2203.721	17.371
2204.721	17.371
2205.721	17.371
2206.721	17.371
2207.721	17.371
2208.721	17.371
2209.720	17.371
2210.720	17.371
2211.720	17.371
2212.720	17.371
2213.720	17.371
2214.720	17.371
2215.720	17.371
2216.720	17.371
2217.719	17.371
2218.719	17.371
2219.719	17.370
2220.719	17.370
2221.719	17.370
2222.719	17.370
2223.719	17.370
2224.718	17.370
2225.718	17.370
2226.718	17.370
2227.718	17.371
2228.718	17.372
2229.718	17.373
2230.718	17.374
2231.718	17.375
2232.717	17.376
2233.717	17.377
2234.717	17.378
2235.717	17.379
2236.717	17.380
2237.717	17.380
2238.717	17.381
2239.717	17.382
2240.716	17.382
2241.716	17.383
2242.716	17.383
2243.716	17.384
2244.716	17.384
2245.716	17.384
2246.716	17.384
2247.716	17.385
2248.715	17.385
2249.715	17.385
2250.715	17.385
2251.715	17.385
2252.715	17.385
2253.715	17.385
2254.715	17.384
2255.715	17.384
2256.714	17.384
2257.714	17.383
2258.714	17.383
2259.714	17.383
2260.714	17.382
2261.714	17.382
2262.714	17.381
2263.714	17.380
2264.713	17.380
2265.713	17.379
2266.713	17.378
2267.713	17.377
2268.713	17.376
2269.713	17.375
2270.713	17.374
2271.713	17.373
2272.712	17.372
2273.712	17.371
2274.712	17.369
2275.712	17.368
2276.712	17.365
2277.712	17.361
2278.712	17.356
2279.712	17.351
2280.711	17.346
2281.711	17.342
2282.711	17.337
2283.711	17.332
2284.711	17.327
2285.711	17.322
2286.711	17.318
2287.711	17.313
2288.710	17.308
2289.710	17.303
2290.710	17.298
2291.710	17.294
2292.710	17.289
2293.710	17.284
2294.710	17.279
2295.710	17.274
2296.709	17.270
2297.709	17.265
2298.709	17.260
2299.709	17.255
2300.709	17.250
2301.709	17.246
2302.709	17.241
2303.709	17.236
2304.708	17.231
2305.708	17.226
2306.708	17.222
2307.708	17.217
2308.708	17.212
2309.708	17.207
2310.708	17.202
2311.707	17.197
2312.707	17.193
2313.707	17.188
2314.707	17.183
2315.707	17.178
2316.707	17.173
2317.707	17.169
2318.707	17.164
2319.706	17.159
2320.706	17.154
2321.706	17.149
2322.706	17.144
2323.706	17.140
2324.706	17.135
2325.706	17.130
2326.706	17.125
2327.705	17.120
2328.705	17.115
2329.705	17.110
2330.705	17.106
2331.705	17.101
2332.705	17.096
2333.705	17.091
2334.705	17.086
2335.704	17.081
2336.704	17.077
2337.704	17.072
2338.704	17.067
2339.704	17.062
2340.704	17.057
2341.704	17.052
2342.704	17.048
2343.703	17.043
2344.703	17.038
2345.703	17.033
2346.703	17.028
2347.703	17.023
2348.703	17.018
2349.703	17.014
2350.703	17.009
2351.702	17.004
2352.702	16.999
2353.702	16.994
2354.702	16.989
2355.702	16.984
2356.702	16.980
2357.702	16.975
2358.702	16.970
2359.701	16.965
2360.701	16.960
2361.701	16.955
2362.701	16.950
2363.701	16.946
2364.701	16.941
2365.701	16.936
2366.701	16.931
2367.700	16.926
2368.700	16.921
2369.700	16.916
2370.700	16.911
2371.700	16.907
2372.700	16.902
2373.700	16.897
2374.700	16.892
2375.699	16.887
2376.699	16.882
2377.699	16.877
2378.699	16.872
2379.699	16.867
2380.699	16.863
2381.699	16.858
2382.699	16.853
2383.698	16.848
2384.698	16.843
2385.698	16.838
2386.698	16.833
2387.698	16.828
2388.698	16.823
2389.698	16.818
2390.697	16.813
2391.697	16.808
2392.697	16.803
2393.697	16.798
2394.697	16.793
2395.697	16.788
2396.697	16.783
2397.697	16.778
2398.696	16.773
2399.696	16.768
2400.696	16.763
2401.696	16.758
2402.696	16.753
2403.696	16.748
2404.696	16.743
2405.696	16.738
2406.695	16.733
2407.695	16.728
2408.695	16.723
2409.695	16.718
2410.695	16.713
2411.695	16.708
2412.695	16.703
2413.695	16.698
2414.694	16.693
2415.694	16.688
2416.694	16.683
2417.694	16.679
2418.694	16.674
2419.694	16.669
2420.694	16.664
2421.694	16.659
2422.693	16.654
2423.693	16.649
2424.693	16.644
2425.693	16.639
2426.693	16.634
2427.693	16.629
2428.693	16.624
2429.693	16.620
2430.692	16.615
2431.692	16.610
2432.692	16.605
2433.692	16.600
2434.692	16.595
2435.692	16.590
2436.692	16.585
2437.692	16.580
2438.691	16.575
2439.691	16.571
2440.691	16.566
2441.691	16.561
2442.691	16.556
2443.691	16.551
2444.691	16.546
2445.691	16.541
2446.690	16.536
2447.690	16.531
2448.690	16.527
2449.690	16.522
2450.690	16.517
2451.690	16.512
2452.690	16.507
2453.690	16.502
2454.689	16.497
2455.689	16.492
2456.689	16.487
2457.689	16.483
2458.689	16.478
2459.689	16.473
2460.689	16.468
2461.689	16.463
2462.688	16.458
2463.688	16.453
2464.688	16.448
2465.688	16.444
2466.688	16.439
2467.688	16.434
2468.688	16.429
2469.688	16.424
2470.687	16.419
2471.687	16.414
2472.687	16.409
2473.687	16.405
2474.687	16.400
2475.687	16.395
2476.687	16.390
2477.686	16.385
2478.686	16.380
2479.686	16.375
2480.686	16.371
2481.686	16.366
2482.686	16.361
2483.686	16.356
2484.686	16.351
2485.685	16.346
2486.685	16.342
2487.685	16.337
2488.685	16.332
2489.685	16.327
2490.685	16.322
2491.685	16.317
2492.685	16.312
2493.684	16.307
2494.684	16.303
2495.684	16.298
2496.684	16.293
2497.684	16.288
2498.684	16.283
2499.684	16.278
2500.684	16.273
2501.683	16.268
2502.683	16.263
2503.683	16.259
2504.683	16.254
2505.683	16.249
2506.683	16.244
2507.683	16.239
2508.683	16.234
2509.682	16.229
2510.682	16.224
2511.682	16.219
2512.682	16.215
2513.682	16.210
2514.682	16.205
2515.682	16.200
2516.682	16.195
2517.681	16.190
2518.681	16.185
2519.681	16.180
2520.681	16.175
2521.681	16.171
2522.681	16.166
2523.681	16.161
2524.681	16.156
2525.680	16.151
2526.680	16.146
2527.680	16.141
2528.680	16.136
2529.680	16.131
2530.680	16.127
2531.680	16.122
2532.680	16.117
2533.679	16.112
2534.679	16.107
2535.679	16.102
2536.679	16.097
2537.679	16.092
2538.679	16.087
2539.679	16.083
2540.679	16.078
2541.678	16.073
2542.678	16.068
2543.678	16.063
2544.678	16.058
2545.678	16.053
2546.678	16.048
2547.678	16.043
2548.678	16.039
2549.677	16.034
2550.677	16.029
2551.677	16.024
2552.677	16.019
2553.677	16.014
2554.677	16.009
2555.677	16.004
2556.676	15.999
2557.676	15.995
2558.676	15.990
2559.676	15.985
2560.676	15.980
2561.676	15.975
2562.676	15.970
2563.676	15.965
2564.675	15.960
2565.675	15.955
2566.675	15.951
2567.675	15.946
2568.675	15.941
2569.675	15.936
2570.675	15.931
2571.675	15.926
2572.674	15.921
2573.674	15.916
2574.674	15.911
2575.674	15.907
2576.674	15.902
2577.674	15.897
2578.674	15.892
2579.674	15.887
2580.673	15.882
2581.673	15.877
2582.673	15.872
2583.673	15.867
2584.673	15.863
2585.673	15.858
2586.673	15.853
2587.673	15.848
2588.672	15.843
2589.672	15.838
2590.672	15.833
2591.672	15.828
2592.672	15.823
2593.672	15.819
2594.672	15.814
2595.672	15.809
2596.671	15.804
2597.671	15.799
2598.671	15.794
2599.671	15.789
2600.671	15.784
2601.671	15.779
2602.671	15.774
2603.671	15.769
2604.670	15.764
2605.670	15.759
2606.670	15.754
2607.670	15.749
2608.670	15.744
2609.670	15.739
2610.670	15.734
2611.670	15.729
2612.669	15.724
2613.669	15.719
2614.669	15.714
2615.669	15.709
2616.669	15.704
2617.669	15.699
2618.669	15.694
2619.669	15.689
2620.668	15.684
2621.668	15.679
2622.668	15.674
2623.668	15.669
2624.668	15.664
2625.668	15.659
2626.668	15.654
2627.668	15.649
2628.667	15.644
2629.667	15.639
2630.667	15.634
2631.667	15.629
2632.667	15.624
2633.667	15.619
2634.667	15.614
2635.666	15.609
2636.666	15.604
2637.666	15.599
2638.666	15.595
2639.666	15.590
2640.666	15.585
2641.666	15.580
2642.666	15.575
2643.665	15.570
2644.665	15.565
2645.665	15.560
2646.665	15.555
2647.665	15.550
2648.665	15.545
2649.665	15.540
2650.665	15.535
2651.664	15.530
2652.664	15.525
2653.664	15.520
2654.664	15.515
2655.664	15.510
2656.664	15.505
2657.664	15.500
2658.664	15.495
2659.663	15.490
2660.663	15.485
2661.663	15.480
2662.663	15.475
2663.663	15.470
2664.663	15.465
2665.663	15.460
2666.663	15.455
2667.662	15.450
2668.662	15.445
2669.662	15.440
2670.662	15.435
2671.662	15.430
2672.662	15.425
2673.662	15.420
2674.662	15.415
2675.661	15.410
2676.661	15.405
2677.661	15.400
2678.661	15.395
2679.661	15.390
2680.661	15.385
2681.661	15.380
2682.661	15.375
2683.660	15.370
2684.660	15.365
2685.660	15.360
2686.660	15.355
2687.660	15.350
2688.660	15.345
2689.660	15.340
2690.660	15.335
2691.659	15.330
2692.659	15.325
2693.659	15.320
2694.659	15.315
2695.659	15.311
2696.659	15.306
2697.659	15.301
2698.659	15.296
2699.658	15.291
2700.658	15.286
2701.658	15.281
2702.658	15.280
2703.658	15.280
2704.658	15.280
2705.658	15.280
2706.658	15.280
2707.657	15.280
2708.657	15.280
2709.657	15.280
2710.657	15.280
2711.657	15.280
2712.657	15.280
2713.657	15.280
2714.657	15.280
2715.656	15.280
2716.656	15.280
2717.656	15.280
2718.656	15.280
2719.656	15.280
2720.656	15.280
2721.656	15.280
2722.655	15.280
2723.655	15.280
2724.655	15.280
2725.655	15.280
2726.655	15.280
2727.655	15.280
2728.655	15.280
2729.655	15.280
2730.654	15.280
2731.654	15.280
2732.654	15.280
2733.654	15.280
2734.654	15.280
2735.654	15.280
2736.654	15.280
2737.654	15.280
2738.653	15.280
2739.653	15.280
2740.653	15.280
2741.653	15.280
2742.653	15.280
2743.653	15.280
2744.653	15.280
2745.653	15.280
2746.652	15.280
2747.652	15.280
2748.652	15.280
2749.652	15.280
2750.652	15.280
2751.652	15.280
2752.652	15.280
2753.652	15.280
2754.651	15.280
2755.651	15.280
2756.651	15.280
2757.651	15.280
2758.651	15.280
2759.651	15.280
2760.651	15.280
2761.651	15.280
2762.650	15.280
2763.650	15.280
2764.650	15.280
2765.650	15.280
2766.650	15.280
2767.650	15.280
2768.650	15.280
2769.650	15.280
2770.649	15.280
2771.649	15.280
2772.649	15.280
2773.649	15.280
2774.649	15.280
2775.649	15.280
2776.649	15.280
2777.649	15.280
2778.648	15.280
2779.648	15.280
2780.648	15.280
2781.648	15.279
2782.648	15.279
2783.648	15.279
2784.648	15.279
2785.648	15.279
2786.647	15.279
2787.647	15.279
2788.647	15.279
2789.647	15.279
2790.647	15.279
2791.647	15.279
2792.647	15.279
2793.647	15.279
2794.646	15.279
2795.646	15.279
2796.646	15.279
2797.646	15.279
2798.646	15.279
2799.646	15.278
2800.646	15.278
2801.645	15.278
2802.645	15.278
2803.645	15.278
2804.645	15.278
2805.645	15.278
2806.645	15.278
2807.645	15.278
2808.645	15.275
2809.644	15.270
2810.644	15.265
2811.644	15.260
2812.644	15.255
2813.644	15.250
2814.644	15.245
2815.644	15.239
2816.644	15.234
2817.643	15.229
2818.643	15.224
2819.643	15.219
2820.643	15.214
2821.643	15.209
2822.643	15.204
2823.643	15.199
2824.643	15.194
2825.642	15.189
2826.642	15.183
2827.642	15.178
2828.642	15.173
2829.642	15.168
2830.642	15.163
2831.642	15.158
2832.642	15.153
2833.641	15.148
2834.641	15.143
2835.641	15.138
2836.641	15.133
2837.641	15.127
2838.641	15.122
2839.641	15.117
2840.641	15.112
2841.640	15.107
2842.640	15.102
2843.640	15.097
2844.640	15.092
2845.640	15.087
2846.640	15.082
2847.640	15.077
2848.640	15.072
2849.639	15.067
2850.639	15.062
2851.639	15.056
2852.639	15.051
2853.639	15.046
2854.639	15.041
2855.639	15.036
2856.639	15.031
2857.638	15.026
2858.638	15.021
2859.638	15.016
2860.638	15.011
2861.638	15.006
2862.638	15.001
2863.638	14.996
2864.638	14.991
2865.637	14.986
2866.637	14.981
2867.637	14.976
2868.637	14.970
2869.637	14.965
2870.637	14.960
2871.637	14.955
2872.637	14.950
2873.636	14.945
2874.636	14.940
2875.636	14.935
2876.636	14.930
2877.636	14.925
2878.636	14.920
2879.636	14.915
2880.636	14.910
2881.635	14.905
2882.635	14.900
2883.635	14.895
2884.635	14.890
2885.635	14.885
2886.635	14.880
2887.635	14.875
2888.634	14.870
2889.634	14.865
2890.634	14.860
2891.634	14.855
2892.634	14.850
2893.634	14.845
2894.634	14.840
2895.634	14.835
2896.633	14.830
2897.633	14.825
2898.633	14.820
2899.633	14.814
2900.633	14.809
2901.633	14.804
2902.633	14.799
2903.633	14.794
2904.632	14.789
2905.632	14.784
2906.632	14.779
2907.632	14.774
2908.632	14.769
2909.632	14.764
2910.632	14.759
2911.632	14.754
2912.631	14.749
2913.631	14.744
2914.631	14.739
2915.631	14.734
2916.631	14.728
2917.631	14.723
2918.631	14.718
2919.631	14.712
2920.630	14.707
2921.630	14.701
2922.630	14.696
2923.630	14.690
2924.630	14.685
2925.630	14.679
2926.630	14.674
2927.630	14.669
2928.629	14.663
2929.629	14.658
2930.629	14.652
2931.629	14.647
2932.629	14.641
2933.629	14.636
2934.629	14.630
2935.629	14.625
2936.628	14.619
2937.628	14.614
2938.628	14.609
2939.628	14.603
2940.628	14.598
2941.628	14.592
2942.628	14.587
2943.628	14.581
2944.627	14.576
2945.627	14.570
2946.627	14.565
2947.627	14.559
2948.627	14.554
2949.627	14.548
2950.627	14.543
2951.627	14.537
2952.626	14.532
2953.626	14.526
2954.626	14.521
2955.626	14.515
2956.626	14.510
2957.626	14.504
2958.626	14.499
2959.626	14.493
2960.625	14.488
2961.625	14.482
2962.625	14.477
2963.625	14.471
2964.625	14.465
2965.625	14.460
2966.625	14.454
2967.624	14.449
2968.624	14.443
2969.624	14.438
2970.624	14.432
2971.624	14.426
2972.624	14.421
2973.624	14.415
2974.624	14.410
2975.623	14.404
2976.623	14.399
2977.623	14.393
2978.623	14.387
2979.623	14.382
2980.623	14.376
2981.623	14.371
2982.623	14.365
2983.622	14.359
2984.622	14.354
2985.622	14.348
2986.622	14.342
2987.622	14.337
2988.622	14.331
2989.622	14.326
2990.622	14.320
2991.621	14.314
2992.621	14.309
2993.621	14.303
2994.621	14.297
2995.621	14.292
2996.621	14.286
2997.621	14.280
2998.621	14.275
2999.620	14.269
3000.620	14.263
3001.620	14.258
3002.620	14.252
3003.620	14.246
3004.620	14.241
3005.620	14.235
3006.620	14.229
3007.619	14.224
3008.619	14.218
3009.619	14.212
3010.619	14.207
3011.619	14.201
3012.619	14.195
3013.619	14.189
3014.619	14.184
3015.618	14.178
3016.618	14.172
3017.618	14.167
3018.618	14.161
3019.618	14.155
3020.618	14.149
3021.618	14.144
3022.618	14.138
3023.617	14.132
3024.617	14.126
3025.617	14.120
3026.617	14.114
3027.617	14.108
3028.617	14.102
3029.617	14.096
3030.617	14.090
3031.616	14.084
3032.616	14.078
3033.616	14.072
3034.616	14.066
3035.616	14.060
3036.616	14.054
3037.616	14.048
3038.616	14.042
3039.615	14.036
3040.615	14.030
3041.615	14.024
3042.615	14.018
3043.615	14.012
3044.615	14.006
3045.615	14.000
3046.615	13.994
3047.614	13.988
3048.614	13.982
3049.614	13.976
3050.614	13.970
3051.614	13.964
3052.614	13.958
3053.614	13.952
3054.613	13.946
3055.613	13.940
3056.613	13.934
3057.613	13.928
3058.613	13.922
3059.613	13.916
3060.613	13.910
3061.613	13.904
3062.612	13.898
3063.612	13.892
3064.612	13.886
3065.612	13.880
3066.612	13.874
3067.612	13.868
3068.612	13.862
3069.612	13.856
3070.611	13.850
3071.611	13.844
3072.611	13.838
3073.611	13.832
3074.611	13.826
3075.611	13.820
3076.611	13.814
3077.611	13.808
3078.610	13.802
3079.610	13.796
3080.610	13.790
3081.610	13.784
3082.610	13.778
3083.610	13.772
3084.610	13.766
3085.610	13.760
3086.609	13.754
3087.609	13.748
3088.609	13.742
3089.609	13.736
3090.609	13.730
3091.609	13.724
3092.609	13.718
3093.609	13.712
3094.608	13.706
3095.608	13.700
3096.608	13.694
3097.608	13.688
3098.608	13.682
3099.608	13.676
3100.608	13.670
3101.608	13.664
3102.607	13.658
3103.607	13.652
3104.607	13.646
3105.607	13.640
3106.607	13.634
3107.607	13.628
3108.607	13.622
3109.607	13.616
3110.606	13.610
3111.606	13.604
3112.606	13.598
3113.606	13.592
3114.606	13.586
3115.606	13.580
3116.606	13.574
3117.606	13.568
3118.605	13.562
3119.605	13.556
3120.605	13.550
3121.605	13.544
3122.605	13.538
3123.605	13.532
3124.605	13.526
3125.605	13.520
3126.604	13.514
3127.604	13.508
3128.604	13.502
3129.604	13.496
3130.604	13.489
3131.604	13.483
3132.604	13.477
3133.603	13.470
3134.603	13.464
3135.603	13.457
3136.603	13.451
3137.603	13.445
3138.603	13.438
3139.603	13.432
3140.603	13.425
3141.602	13.419
3142.602	13.413
3143.602	13.406
3144.602	13.400
3145.602	13.394
3146.602	13.387
3147.602	13.381
3148.602	13.375
3149.601	13.368
3150.601	13.362
3151.601	13.356
3152.601	13.349
3153.601	13.343
3154.601	13.337
3155.601	13.330
3156.601	13.324
3157.600	13.318
3158.600	13.311
3159.600	13.305
3160.600	13.299
3161.600	13.293
3162.600	13.286
3163.600	13.280
3164.600	13.274
3165.599	13.268
3166.599	13.261
3167.599	13.255
3168.599	13.249
3169.599	13.242
3170.599	13.236
3171.599	13.230
3172.599	13.224
3173.598	13.218
3174.598	13.211
3175.598	13.205
3176.598	13.199
3177.598	13.193
3178.598	13.186
3179.598	13.180
3180.598	13.174
3181.597	13.168
3182.597	13.162
3183.597	13.155
3184.597	13.149
3185.597	13.143
3186.597	13.137
3187.597	13.131
3188.597	13.125
3189.596	13.118
3190.596	13.112
3191.596	13.106
3192.596	13.100
3193.596	13.094
3194.596	13.088
3195.596	13.081
3196.596	13.075
3197.595	13.069
3198.595	13.063
3199.595	13.057
3200.595	13.051
3201.595	13.045
3202.595	13.039
3203.595	13.032
3204.595	13.026
3205.594	13.020
3206.594	13.014
3207.594	13.008
3208.594	13.002
3209.594	12.996
3210.594	12.990
3211.594	12.984
3212.593	12.978
3213.593	12.972
3214.593	12.965
3215.593	12.959
3216.593	12.953
3217.593	12.947
3218.593	12.941
3219.593	12.935
3220.592	12.929
3221.592	12.923
3222.592	12.917
3223.592	12.911
3224.592	12.905
3225.592	12.899
3226.592	12.893
3227.592	12.887
3228.591	12.881
3229.591	12.875
3230.591	12.869
3231.591	12.863
3232.591	12.857
3233.591	12.851
3234.591	12.851
3235.591	12.851
3236.590	12.850
3237.590	12.850
3238.590	12.850
3239.590	12.849
3240.590	12.849
3241.590	12.849
3242.590	12.849
3243.590	12.848
3244.589	12.848
3245.589	12.848
3246.589	12.848
3247.589	12.847
3248.589	12.847
3249.589	12.847
3250.589	12.846
3251.589	12.846
3252.588	12.846
3253.588	12.846
3254.588	12.845
3255.588	12.845
3256.588	12.845
3257.588	12.845
3258.588	12.844
3259.588	12.844
3260.587	12.844
3261.587	12.843
3262.587	12.843
3263.587	12.843
3264.587	12.843
3265.587	12.842
3266.587	12.842
3267.587	12.842
3268.586	12.841
3269.586	12.841
3270.586	12.841
3271.586	12.841
3272.586	12.840
3273.586	12.840
3274.586	12.840
3275.586	12.840
3276.585	12.839
3277.585	12.839
3278.585	12.839
3279.585	12.838
3280.585	12.838
3281.585	12.838
3282.585	12.838
3283.585	12.837
3284.584	12.837
3285.584	12.837
3286.584	12.836
3287.584	12.836
3288.584	12.836
3289.584	12.836
3290.584	12.835
3291.584	12.835
3292.583	12.835
3293.583	12.835
3294.583	12.834
3295.583	12.834
3296.583	12.834
3297.583	12.833
3298.583	12.833
3299.582	12.833
3300.582	12.833
3301.582	12.832
3302.582	12.832
3303.582	12.832
3304.582	12.831
3305.582	12.831
3306.582	12.831
3307.581	12.831
3308.581	12.830
3309.581	12.830
3310.581	12.830
3311.581	12.829
3312.581	12.828
3313.581	12.828
3314.581	12.827
3315.580	12.826
3316.580	12.825
3317.580	12.825
3318.580	12.824
3319.580	12.823
3320.580	12.823
3321.580	12.822
3322.580	12.821
3323.579	12.820
3324.579	12.820
3325.579	12.819
3326.579	12.818
3327.579	12.817
3328.579	12.816
3329.579	12.816
3330.579	12.815
3331.578	12.814
3332.578	12.813
3333.578	12.812
3334.578	12.811
3335.578	12.811
3336.578	12.810
3337.578	12.809
3338.578	12.808
3339.577	12.807
3340.577	12.802
3341.577	12.796
3342.577	12.789
3343.577	12.783
3344.577	12.776
3345.577	12.770
3346.577	12.763
3347.576	12.756
3348.576	12.750
3349.576	12.743
3350.576	12.737
3351.576	12.730
3352.576	12.724
3353.576	12.717
3354.576	12.711
3355.575	12.705
3356.575	12.698
3357.575	12.692
3358.575	12.685
3359.575	12.679
3360.575	12.672
3361.575	12.666
3362.575	12.660
3363.574	12.653
3364.574	12.647
3365.574	12.641
3366.574	12.634
3367.574	12.628
3368.574	12.622
3369.574	12.615
3370.574	12.609
3371.573	12.603
3372.573	12.597
3373.573	12.590
3374.573	12.584
3375.573	12.578
3376.573	12.572
3377.573	12.566
3378.572	12.559
3379.572	12.553
3380.572	12.547
3381.572	12.541
3382.572	12.535
3383.572	12.529
3384.572	12.523
3385.572	12.516
3386.571	12.510
3387.571	12.504
3388.571	12.498
3389.571	12.492
3390.571	12.486
3391.571	12.480
3392.571	12.474
3393.571	12.468
3394.570	12.462
3395.570	12.456
3396.570	12.450
3397.570	12.444
3398.570	12.438
3399.570	12.432
3400.570	12.426
3401.570	12.420
3402.569	12.414
3403.569	12.409
3404.569	12.403
3405.569	12.397
3406.569	12.391
3407.569	12.385
3408.569	12.379
3409.569	12.373
3410.568	12.368
3411.568	12.362
3412.568	12.356
3413.568	12.350
3414.568	12.345
3415.568	12.339
3416.568	12.333
3417.568	12.327
3418.567	12.322
3419.567	12.316
3420.567	12.310
3421.567	12.304
3422.567	12.299
3423.567	12.293
3424.567	12.287
3425.567	12.282
3426.566	12.276
3427.566	12.271
3428.566	12.265
3429.566	12.259
3430.566	12.254
3431.566	12.248
3432.566	12.243
3433.566	12.237
3434.565	12.232
3435.565	12.226
3436.565	12.220
3437.565	12.215
3438.565	12.209
3439.565	12.204
3440.565	12.199
3441.565	12.193
3442.564	12.188
3443.564	12.182
3444.564	12.177
3445.564	12.171
3446.564	12.165
3447.564	12.157
3448.564	12.149
3449.564	12.141
3450.563	12.133
3451.563	12.125
3452.563	12.117
3453.563	12.108
3454.563	12.100
3455.563	12.092
3456.563	12.084
3457.563	12.076
3458.562	12.067
3459.562	12.059
3460.562	12.051
3461.562	12.043
3462.562	12.034
3463.562	12.026
3464.562	12.018
3465.561	12.010
3466.561	12.001
3467.561	11.993
3468.561	11.985
3469.561	11.976
3470.561	11.968
3471.561	11.959
3472.561	11.951
3473.560	11.943
3474.560	11.934
3475.560	11.926
3476.560	11.917
3477.560	11.909
3478.560	11.900
3479.560	11.892
3480.560	11.883
3481.559	11.875
3482.559	11.866
3483.559	11.858
3484.559	11.849
3485.559	11.841
3486.559	11.832
3487.559	11.824
3488.559	11.815
3489.558	11.806
3490.558	11.798
3491.558	11.791
3492.558	11.783
3493.558	11.776
3494.558	11.768
3495.558	11.761
3496.558	11.754
3497.557	11.746
3498.557	11.739
3499.557	11.732
3500.557	11.724
3501.557	11.717
3502.557	11.710
3503.557	11.703
3504.557	11.696
3505.556	11.688
3506.556	11.681
3507.556	11.674
3508.556	11.667
3509.556	11.660
3510.556	11.653
3511.556	11.646
3512.556	11.639
3513.555	11.632
3514.555	11.625
3515.555	11.618
3516.555	11.611
3517.555	11.605
3518.555	11.598
3519.555	11.591
3520.555	11.584
3521.554	11.577
3522.554	11.571
3523.554	11.564
3524.554	11.557
3525.554	11.551
3526.554	11.544
3527.554	11.537
3528.554	11.531
3529.553	11.524
3530.553	11.518
3531.553	11.511
3532.553	11.505
3533.553	11.498
3534.553	11.492
3535.553	11.486
3536.553	11.479
3537.552	11.473
3538.552	11.467
3539.552	11.460
3540.552	11.454
3541.552	11.448
3542.552	11.442
3543.552	11.435
3544.551	11.429
3545.551	11.423
3546.551	11.417
3547.551	11.411
3548.551	11.405
3549.551	11.399
3550.551	11.393
3551.551	11.387
3552.550	11.381
3553.550	11.368
3554.550	11.354
3555.550	11.340
3556.550	11.326
3557.550	11.312
3558.550	11.298
3559.550	11.284
3560.549	11.270
3561.549	11.256
3562.549	11.241
3563.549	11.227
3564.549	11.213
3565.549	11.199
3566.549	11.185
3567.549	11.170
3568.548	11.156
3569.548	11.142
3570.548	11.127
3571.548	11.113
3572.548	11.099
3573.548	11.084
3574.548	11.070
3575.548	11.055
3576.547	11.041
3577.547	11.026
3578.547	11.012
3579.547	10.997
3580.547	10.982
3581.547	10.968
3582.547	10.953
3583.547	10.938
3584.546	10.924
3585.546	10.909
3586.546	10.894
3587.546	10.879
3588.546	10.864
3589.546	10.849
3590.546	10.835
3591.546	10.820
3592.545	10.805
3593.545	10.790
3594.545	10.775
3595.545	10.760
3596.545	10.745
3597.545	10.730
3598.545	10.714
3599.545	10.699
3600.544	10.684
3601.544	10.669
3602.544	10.654
3603.544	10.638
3604.544	10.623
3605.544	10.608
3606.544	10.593
3607.544	10.577
3608.543	10.562
3609.543	10.546
3610.543	10.531
3611.543	10.516
3612.543	10.500
3613.543	10.485
3614.543	10.469
3615.543	10.453
3616.542	10.438
3617.542	10.422
3618.542	10.407
3619.542	10.391
3620.542	10.375
3621.542	10.359
3622.542	10.344
3623.541	10.328
3624.541	10.312
3625.541	10.296
3626.541	10.280

