X	Graphic Profile 1
0.000	-3.538
1.000	-3.531
2.000	-3.518
3.000	-3.504
4.000	-3.491
5.000	-3.477
6.000	-3.464
7.000	-3.450
8.000	-3.437
9.000	-3.423
10.000	-3.410
11.000	-3.396
11.999	-3.383
12.999	-3.369
13.999	-3.356
14.999	-3.350
15.999	-3.354
16.999	-3.340
17.999	-3.327
18.999	-3.314
19.999	-3.301
20.999	-3.288
21.999	-3.276
22.999	-3.265
23.999	-3.253
24.999	-3.242
25.999	-3.230
26.999	-3.219
27.999	-3.207
28.999	-3.195
29.999	-3.184
30.999	-3.172
31.999	-3.161
32.999	-3.149
33.999	-3.138
34.998	-3.126
35.998	-3.115
36.998	-3.103
37.998	-3.091
38.998	-3.079
39.998	-3.063
40.998	-3.046
41.998	-3.041
42.998	-3.036
43.998	-3.030
44.998	-3.025
45.998	-3.020
46.998	-3.015
47.998	-3.010
48.998	-3.005
49.998	-2.999
50.998	-2.994
51.998	-2.989
52.998	-2.984
53.998	-2.979
54.998	-2.973
55.998	-2.968
56.998	-2.963
57.997	-2.958
58.997	-2.953
59.997	-2.948
60.997	-2.943
61.997	-2.938
62.997	-2.935
63.997	-2.933
64.997	-2.926
65.997	-2.913
66.997	-2.899
67.997	-2.885
68.997	-2.872
69.997	-2.858
70.997	-2.844
71.997	-2.831
72.997	-2.817
73.997	-2.802
74.997	-2.787
75.997	-2.771
76.997	-2.757
77.997	-2.744
78.997	-2.735
79.996	-2.725
80.996	-2.715
81.996	-2.703
82.996	-2.689
83.996	-2.683
84.996	-2.677
85.996	-2.674
86.996	-2.644
87.996	-2.597
88.996	-2.577
89.996	-2.547
90.996	-2.524
91.996	-2.508
92.996	-2.495
93.996	-2.497
94.996	-2.474
95.996	-2.445
96.996	-2.418
97.996	-2.428
98.996	-2.409
99.996	-2.354
100.996	-2.303
101.996	-2.294
102.995	-2.328
103.995	-2.364
104.995	-2.292
105.995	-2.282
106.995	-2.223
107.995	-2.292
108.995	-2.207
109.995	-2.265
110.995	-2.270
111.995	-2.268
112.995	-2.260
113.995	-2.213
114.995	-2.193
115.995	-2.200
116.995	-2.170
117.995	-2.172
118.995	-2.208
119.995	-2.179
120.995	-2.169
121.995	-2.129
122.995	-2.131
123.995	-2.133
124.995	-2.130
125.994	-2.113
126.994	-2.083
127.994	-2.099
128.994	-2.113
129.994	-2.082
130.994	-2.084
131.994	-2.074
132.994	-2.068
133.994	-2.072
134.994	-2.094
135.994	-2.066
136.994	-2.021
137.994	-2.015
138.994	-2.038
139.994	-2.023
140.994	-1.979
141.994	-1.970
142.994	-1.980
143.994	-1.988
144.994	-1.984
145.994	-1.933
146.994	-1.937
147.994	-1.939
148.993	-1.898
149.993	-1.913
150.993	-1.914
151.993	-1.864
152.993	-1.863
153.993	-1.854
154.993	-1.796
155.993	-1.788
156.993	-1.771
157.993	-1.791
158.993	-1.787
159.993	-1.774
160.993	-1.739
161.993	-1.752
162.993	-1.678
163.993	-1.676
164.993	-1.692
165.993	-1.683
166.993	-1.642
167.993	-1.598
168.993	-1.604
169.993	-1.637
170.993	-1.616
171.992	-1.588
172.992	-1.567
173.992	-1.543
174.992	-1.567
175.992	-1.570
176.992	-1.564
177.992	-1.552
178.992	-1.540
179.992	-1.517
180.992	-1.479
181.992	-1.497
182.992	-1.500
183.992	-1.500
184.992	-1.473
185.992	-1.439
186.992	-1.450
187.992	-1.446
188.992	-1.410
189.992	-1.408
190.992	-1.423
191.992	-1.408
192.992	-1.383
193.991	-1.380
194.991	-1.364
195.991	-1.341
196.991	-1.343
197.991	-1.469
198.991	-1.312
199.991	-1.311
200.991	-1.328
201.991	-1.304
202.991	-1.296
203.991	-1.286
204.991	-1.260
205.991	-1.250
206.991	-1.234
207.991	-1.234
208.991	-1.238
209.991	-1.244
210.991	-1.143
211.991	-1.135
212.991	-1.156
213.991	-1.139
214.991	-1.142
215.991	-1.122
216.990	-1.163
217.990	-1.172
218.990	-1.093
219.990	-1.098
220.990	-1.064
221.990	-1.143
222.990	-1.127
223.990	-0.992
224.990	-0.999
225.990	-1.112
226.990	-1.059
227.990	-0.971
228.990	-0.947
229.990	-0.956
230.990	-0.986
231.990	-1.024
232.990	-0.884
233.990	-0.911
234.990	-0.832
235.990	-0.863
236.990	-0.914
237.990	-0.871
238.990	-0.904
239.989	-0.857
240.989	-0.848
241.989	-0.923
242.989	-0.931
243.989	-1.026
244.989	-0.816
245.989	-0.693
246.989	-0.733
247.989	-0.894
248.989	-0.731
249.989	-0.813
250.989	-0.715
251.989	-0.701
252.989	-0.571
253.989	-0.668
254.989	-0.652
255.989	-0.721
256.989	-0.800
257.989	-0.754
258.989	-0.553
259.989	-0.674
260.989	-0.688
261.989	-0.634
262.988	-0.564
263.988	-0.505
264.988	-0.511
265.988	-0.511
266.988	-0.536
267.988	-0.536
268.988	-0.506
269.988	-0.477
270.988	-0.397
271.988	-0.456
272.988	-0.404
273.988	-0.412
274.988	-0.405
275.988	-0.345
276.988	-0.378
277.988	-0.378
278.988	-0.289
279.988	-0.260
280.988	-0.255
281.988	-0.242
282.988	-0.268
283.988	-0.191
284.988	-0.212
285.987	-0.191
286.987	-0.187
287.987	-0.161
288.987	-0.086
289.987	-0.089
290.987	-0.091
291.987	-0.004
292.987	0.024
293.987	-0.042
294.987	-0.068
295.987	0.036
296.987	0.205
297.987	0.129
298.987	0.141
299.987	0.167
300.987	0.073
301.987	0.207
302.987	0.180
303.987	0.128
304.987	0.247
305.987	0.203
306.987	0.238
307.987	0.343
308.986	0.429
309.986	0.460
310.986	0.577
311.986	0.550
312.986	0.604
313.986	0.699
314.986	0.837
315.986	0.864
316.986	0.971
317.986	1.040
318.986	1.102
319.986	1.268
320.986	1.431
321.986	1.572
322.986	1.649
323.986	1.765
324.986	1.979
325.986	2.151
326.986	2.221
327.986	2.223
328.986	2.198
329.986	2.451
330.985	2.445
331.985	2.494
332.985	2.582
333.985	2.749
334.985	2.762
335.985	3.046
336.985	2.988
337.985	3.283
338.985	3.332
339.985	3.345
340.985	3.453
341.985	3.678
342.985	3.939
343.985	3.869
344.985	4.109
345.985	4.483
346.985	4.239
347.985	4.628
348.985	4.462
349.985	4.674
350.985	4.797
351.985	4.892
352.985	5.095
353.984	5.218
354.984	5.431
355.984	5.498
356.984	5.638
357.984	5.862
358.984	6.577
359.984	6.912
360.984	6.706
361.984	6.759
362.984	6.722
363.984	6.756
364.984	6.911
365.984	7.070
366.984	7.099
367.984	7.672
368.984	8.632
369.984	8.721
370.984	8.748
371.984	8.818
372.984	8.848
373.984	8.843
374.984	8.982
375.984	9.374
376.983	10.202
377.983	11.263
378.983	11.771
379.983	12.486
380.983	13.482
381.983	14.990
382.983	16.779
383.983	18.077
384.983	19.084
385.983	20.347
386.983	21.441
387.983	22.290
388.983	22.944
389.983	23.952
390.983	24.937
391.983	25.902
392.983	26.770
393.983	27.434
394.983	27.707
395.983	27.668
396.983	27.432
397.983	27.748
398.983	28.033
399.982	27.676
400.982	27.690
401.982	27.843
402.982	27.880
403.982	27.888
404.982	27.961
405.982	28.009
406.982	28.049
407.982	28.041
408.982	28.073
409.982	28.139
410.982	28.134
411.982	28.218
412.982	28.293
413.982	28.306
414.982	28.381
415.982	28.284
416.982	28.004
417.982	27.622
418.982	27.386
419.982	27.302
420.982	27.351
421.982	27.458
422.981	27.525
423.981	27.659
424.981	27.813
425.981	27.934
426.981	28.059
427.981	28.205
428.981	28.360
429.981	28.515
430.981	28.626
431.981	28.753
432.981	28.925
433.981	29.058
434.981	29.162
435.981	29.320
436.981	29.557
437.981	30.366
438.981	30.103
439.981	29.972
440.981	30.527
441.981	30.311
442.981	30.250
443.981	30.401
444.980	30.551
445.980	30.680
446.980	30.812
447.980	30.956
448.980	31.126
449.980	31.273
450.980	31.349
451.980	31.514
452.980	31.618
453.980	31.761
454.980	31.885
455.980	31.988
456.980	32.066
457.980	32.141
458.980	32.217
459.980	32.299
460.980	32.386
461.980	32.497
462.980	32.640
463.980	32.756
464.980	32.877
465.980	33.390
466.980	33.734
467.979	34.685
468.979	36.038
469.979	38.891
470.979	39.232
471.979	39.472
472.979	40.619
473.979	39.832
474.979	42.617
475.979	44.038
476.979	44.781
477.979	43.540
478.979	41.850
479.979	44.045
480.979	45.244
481.979	44.609
482.979	42.528
483.979	44.137
484.979	48.035
485.979	47.514
486.979	46.454
487.979	48.169
488.979	48.553
489.979	49.416
490.978	49.263
491.978	48.109
492.978	47.598
493.978	42.505
494.978	45.544
495.978	47.721
496.978	50.781
497.978	48.467
498.978	47.458
499.978	51.965
500.978	51.595
501.978	51.755
502.978	45.233
503.978	46.423
504.978	49.595
505.978	47.446
506.978	52.820
507.978	54.219
508.978	52.688
509.978	49.776
510.978	55.705
511.978	53.378
512.978	45.375
513.977	56.359
514.977	53.453
515.977	55.501
516.977	57.022
517.977	52.122
518.977	54.362
519.977	51.678
520.977	52.992
521.977	53.692
522.977	56.638
523.977	53.658
524.977	55.203
525.977	59.432
526.977	55.445
527.977	54.759
528.977	52.455
529.977	54.945
530.977	56.998
531.977	59.009
532.977	54.555
533.977	55.101
534.977	59.427
535.977	59.004
536.976	54.121
537.976	53.130
538.976	49.632
539.976	52.600
540.976	50.153
541.976	53.559
542.976	46.820
543.976	44.513
544.976	44.299
545.976	44.951
546.976	44.359
547.976	48.865

