X	Graphic Profile 1
0.000	-0.777
1.000	-0.771
1.999	-0.761
2.999	-0.745
3.998	-0.735
4.998	-0.739
5.997	-0.749
6.997	-0.753
7.997	-0.753
8.996	-0.749
9.996	-0.740
10.995	-0.735
11.995	-0.737
12.994	-0.739
13.994	-0.737
14.993	-0.732
15.993	-0.726
16.993	-0.685
17.992	-0.636
18.992	-0.586
19.991	-0.537
20.991	-0.488
21.990	-0.438
22.990	-0.406
23.990	-0.387
24.989	-0.368
25.989	-0.348
26.988	-0.328
27.988	-0.311
28.987	-0.311
29.987	-0.308
30.986	-0.303
31.986	-0.296
32.986	-0.284
33.985	-0.273
34.985	-0.275
35.984	-0.276
36.984	-0.277
37.983	-0.277
38.983	-0.277
39.983	-0.261
40.982	-0.236
41.982	-0.216
42.981	-0.201
43.981	-0.188
44.980	-0.177
45.980	-0.154
46.979	-0.125
47.979	-0.097
48.979	-0.071
49.978	-0.045
50.978	-0.021
51.977	-0.010
52.977	-0.001
53.976	0.011
54.976	0.025
55.976	0.041
56.975	0.060
57.975	0.079
58.974	0.096
59.974	0.110
60.973	0.121
61.973	0.127
62.973	0.123
63.972	0.128
64.972	0.141
65.971	0.163
66.971	0.192
67.970	0.230
68.970	0.265
69.969	0.283
70.969	0.300
71.969	0.319
72.968	0.339
73.968	0.358
74.967	0.377
75.967	0.396
76.966	0.413
77.966	0.430
78.966	0.445
79.965	0.460
80.965	0.481
81.964	0.509
82.964	0.537
83.963	0.565
84.963	0.593
85.962	0.621
86.962	0.685
87.962	0.760
88.961	0.839
89.961	0.923
90.960	1.010
91.960	1.077
92.959	1.067
93.959	1.058
94.959	1.050
95.958	1.044
96.958	1.040
97.957	1.040
98.957	1.054
99.956	1.069
100.956	1.087
101.955	1.113
102.955	1.139
103.955	1.180
104.954	1.253
105.954	1.330
106.953	1.412
107.953	1.498
108.952	1.589
109.952	1.660
110.952	1.691
111.951	1.707
112.951	1.727
113.950	1.752
114.950	1.780
115.949	1.811
116.949	1.839
117.949	1.866
118.948	1.893
119.948	1.918
120.947	1.971
121.947	2.049
122.946	2.120
123.946	2.180
124.945	2.229
125.945	2.269
126.945	2.300
127.944	2.374
128.944	2.452
129.943	2.534
130.943	2.619
131.942	2.701
132.942	2.779
133.942	2.860
134.941	2.947
135.941	3.038
136.940	3.135
137.940	3.238
138.939	3.374
139.939	3.574
140.938	3.812
141.938	4.073
142.938	4.358
143.937	4.667
144.937	5.435
145.936	6.697
146.936	8.123
147.935	9.711
148.935	11.463
149.935	13.150
150.934	14.311
151.934	15.368
152.933	16.479
153.933	17.644
154.932	18.863
155.932	20.136
156.931	21.221
157.931	22.317
158.931	23.455
159.930	25.459
160.930	28.199
161.929	31.767
162.929	39.820
163.928	47.986
164.928	56.264
165.928	64.654
166.927	73.156
167.927	80.937
168.926	85.453
169.926	87.699
170.925	90.010
171.925	92.384
172.925	94.823
173.924	96.483
174.924	96.910
175.923	97.387
176.923	97.914
177.922	98.490
178.922	99.102
179.921	99.400
180.921	99.497
181.921	99.599
182.920	99.707
183.920	99.819
184.919	99.937
185.919	100.039
186.918	100.128
187.918	100.212
188.918	100.305
189.917	100.421
190.917	100.551
191.916	100.887
192.916	101.236
193.915	101.578
194.915	101.913
195.914	102.240
196.914	102.543
197.914	102.641
198.913	102.719
199.913	102.780
200.912	102.826
201.912	102.856
202.911	102.821
203.911	102.620
204.911	102.404
205.910	102.175
206.910	101.933
207.909	101.681
208.909	101.555
209.908	101.557
210.908	101.561
211.908	101.569
212.907	101.579
213.907	101.593
214.906	101.590
215.906	101.569
216.905	101.542
217.905	101.511
218.904	101.485
219.904	101.461
220.904	101.478
221.903	101.507
222.903	101.536
223.902	101.564
224.902	101.592
225.901	101.618
226.901	101.604
227.901	101.583
228.900	101.562
229.900	101.542
230.899	101.525
231.899	101.515
232.898	101.570
233.898	101.641
234.897	101.728
235.897	101.831
236.897	101.950
237.896	102.033
238.896	102.073
239.895	102.118
240.895	102.168
241.894	102.223
242.894	102.283
243.894	102.322
244.893	102.320
245.893	102.308
246.892	102.283
247.892	102.237
248.891	102.193
249.891	102.147
250.890	102.099
251.890	102.052
252.890	102.005
253.889	101.959
254.889	101.913
255.888	101.865
256.888	101.816
257.887	101.769
258.887	101.731
259.887	101.702
260.886	101.683
261.886	101.696
262.885	101.713
263.885	101.731
264.884	101.750
265.884	101.771
266.884	101.785
267.883	101.771
268.883	101.756
269.882	101.740
270.882	101.723
271.881	101.705
272.881	101.683
273.880	101.656
274.880	101.628
275.880	101.599
276.879	101.580
277.879	101.561
278.878	101.541
279.878	101.522
280.877	101.504
281.877	101.486
282.877	101.469
283.876	101.453
284.876	101.448
285.875	101.448
286.875	101.456
287.874	101.472
288.874	101.496
289.873	101.527
290.873	101.564
291.873	101.596
292.872	101.621
293.872	101.641
294.871	101.654
295.871	101.656
296.870	101.628
297.870	101.599
298.870	101.569
299.869	101.539
300.869	101.508
301.868	101.474
302.868	101.421
303.867	101.372
304.867	101.327
305.866	101.309
306.866	101.318
307.866	101.343
308.865	101.360
309.865	101.364
310.864	101.356
311.864	101.336
312.863	101.303
313.863	101.282
314.863	101.282
315.862	101.258
316.862	101.228
317.861	101.191
318.861	101.149
319.860	101.112
320.860	101.074
321.860	101.031
322.859	100.982
323.859	100.927
324.858	100.874
325.858	100.866
326.857	100.860
327.857	100.854
328.856	100.845
329.856	100.835
330.856	100.823
331.855	100.843
332.855	100.866
333.854	100.891
334.854	100.920
335.853	100.952
336.853	100.977
337.853	100.976
338.852	100.975
339.852	100.975
340.851	100.976
341.851	100.977
342.850	100.991
343.850	101.028
344.849	101.052
345.849	101.067
346.849	101.076
347.848	101.078
348.848	101.065
349.847	101.046
350.847	101.030
351.846	101.018
352.846	101.010
353.846	101.006
354.845	100.999
355.845	100.988
356.844	100.982
357.844	100.982
358.843	100.987
359.843	100.997
360.842	101.005
361.842	101.013
362.842	101.023
363.841	101.035
364.841	101.048
365.840	101.062
366.840	101.065
367.839	101.067
368.839	101.068
369.839	101.068
370.838	101.066
371.838	101.056
372.837	101.005
373.837	100.946
374.836	100.874
375.836	100.793
376.836	100.701
377.835	100.615
378.835	100.562
379.834	100.515
380.834	100.474
381.833	100.440
382.833	100.412
383.832	100.423
384.832	100.462
385.832	100.494
386.831	100.521
387.831	100.542
388.830	100.557
389.830	100.556
390.829	100.553
391.829	100.553
392.829	100.555
393.828	100.536
394.828	100.513
395.827	100.456
396.827	100.405
397.826	100.367
398.826	100.342
399.825	100.330
400.825	100.329
401.825	100.287
402.824	100.234
403.824	100.169
404.823	100.110
405.823	100.058
406.822	100.011
407.822	99.962
408.822	99.916
409.821	99.872
410.821	99.831
411.820	99.792
412.820	99.787
413.819	99.810
414.819	99.821
415.818	99.821
416.818	99.808
417.818	99.783
418.817	99.762
419.817	99.754
420.816	99.750
421.816	99.749
422.815	99.762
423.815	99.779
424.815	99.784
425.814	99.781
426.814	99.773
427.813	99.761
428.813	99.745
429.812	99.725
430.812	99.716
431.812	99.711
432.811	99.706
433.811	99.699
434.810	99.689
435.810	99.678
436.809	99.680
437.809	99.681
438.808	99.678
439.808	99.673
440.808	99.666
441.807	99.654
442.807	99.635
443.806	99.629
444.806	99.635
445.805	99.654
446.805	99.685
447.805	99.711
448.804	99.707
449.804	99.691
450.803	99.662
451.803	99.625
452.802	99.598
453.802	99.608
454.801	99.629
455.801	99.639
456.801	99.639
457.800	99.628
458.800	99.607
459.799	99.597
460.799	99.591
461.798	99.602
462.798	99.612
463.798	99.618
464.797	99.618
465.797	99.620
466.796	99.629
467.796	99.645
468.795	99.668
469.795	99.697
470.794	99.729
471.794	99.713
472.794	99.697
473.793	99.682
474.793	99.667
475.792	99.653
476.792	99.632
477.791	99.598
478.791	99.573
479.791	99.556
480.790	99.540
481.790	99.519
482.789	99.504
483.789	99.492
484.788	99.482
485.788	99.474
486.788	99.469
487.787	99.466
488.787	99.470
489.786	99.477
490.786	99.475
491.785	99.468
492.785	99.461
493.784	99.454
494.784	99.433
495.784	99.408
496.783	99.382
497.783	99.356
498.782	99.329
499.782	99.302
500.781	99.311
501.781	99.320
502.781	99.327
503.780	99.331
504.780	99.332
505.779	99.330
506.779	99.334
507.778	99.336
508.778	99.337
509.777	99.337
510.777	99.337
511.777	99.339
512.776	99.342
513.776	99.349
514.775	99.359
515.775	99.371
516.774	99.386
517.774	99.399
518.774	99.406
519.773	99.409
520.773	99.407
521.772	99.406
522.772	99.406
523.771	99.382
524.771	99.350
525.771	99.328
526.770	99.317
527.770	99.315
528.769	99.324
529.769	99.301
530.768	99.264
531.768	99.231
532.767	99.200
533.767	99.171
534.767	99.145
535.766	99.131
536.766	99.114
537.765	99.092
538.765	99.065
539.764	99.051
540.764	99.042
541.764	99.054
542.763	99.060
543.763	99.062
544.762	99.059
545.762	99.052
546.761	99.046
547.761	99.053
548.760	99.061
549.760	99.079
550.760	99.098
551.759	99.117
552.759	99.147
553.758	99.187
554.758	99.224
555.757	99.258
556.757	99.290
557.757	99.319
558.756	99.315
559.756	99.298
560.755	99.285
561.755	99.278
562.754	99.275
563.754	99.277
564.753	99.311
565.753	99.348
566.753	99.382
567.752	99.412
568.752	99.427
569.751	99.441
570.751	99.443
571.750	99.449
572.750	99.459
573.750	99.475
574.749	99.495
575.749	99.516
576.748	99.504
577.748	99.484
578.747	99.447
579.747	99.414
580.747	99.386
581.746	99.377
582.746	99.402
583.745	99.428
584.745	99.457
585.744	99.488
586.744	99.521
587.743	99.534
588.743	99.519
589.743	99.507
590.742	99.499
591.742	99.494
592.741	99.492
593.741	99.491
594.740	99.492
595.740	99.496
596.740	99.503
597.739	99.506
598.739	99.502
599.738	99.500
600.738	99.494
601.737	99.483
602.737	99.469
603.736	99.449
604.736	99.425
605.736	99.396
606.735	99.374
607.735	99.388
608.734	99.427
609.734	99.483
610.733	99.555
611.733	99.605
612.733	99.631
613.732	99.632
614.732	99.609
615.731	99.562
616.731	99.520
617.730	99.551
618.730	99.576
619.729	99.593
620.729	99.604
621.729	99.607
622.728	99.613
623.728	99.638
624.727	99.679
625.727	99.733
626.726	99.791
627.726	99.821
628.726	99.795
629.725	99.755
630.725	99.726
631.724	99.708
632.724	99.701
633.723	99.704
634.723	99.707
635.723	99.708
636.722	99.704
637.722	99.701
638.721	99.701
639.721	99.704
640.720	99.693
641.720	99.677
642.719	99.658
643.719	99.635
644.719	99.608
645.718	99.583
646.718	99.609
647.717	99.631
648.717	99.642
649.716	99.642
650.716	99.632
651.716	99.623
652.715	99.627
653.715	99.624
654.714	99.613
655.714	99.597
656.713	99.618
657.713	99.643
658.712	99.665
659.712	99.680
660.712	99.688
661.711	99.690
662.711	99.684
663.710	99.692
664.710	99.703
665.709	99.715
666.709	99.743
667.709	99.771
668.708	99.801
669.708	99.809
670.707	99.810
671.707	99.805
672.706	99.797
673.706	99.784
674.705	99.766
675.705	99.759
676.705	99.755
677.704	99.753
678.704	99.752
679.703	99.753
680.703	99.761
681.702	99.792
682.702	99.813
683.702	99.826
684.701	99.830
685.701	99.824
686.700	99.816
687.700	99.821
688.699	99.833
689.699	99.850
690.699	99.872
691.698	99.900
692.698	99.924
693.697	99.935
694.697	99.939
695.696	99.948
696.696	99.960
697.695	99.976
698.695	100.025
699.695	100.078
700.694	100.121
701.694	100.156
702.693	100.181
703.693	100.198
704.692	100.184
705.692	100.178
706.692	100.176
707.691	100.179
708.691	100.187
709.690	100.200
710.690	100.230
711.689	100.264
712.689	100.302
713.688	100.343
714.688	100.370
715.688	100.379
716.687	100.386
717.687	100.410
718.686	100.451
719.686	100.510
720.685	100.586
721.685	100.644
722.685	100.642
723.684	100.625
724.684	100.581
725.683	100.551
726.683	100.540
727.682	100.547
728.682	100.552
729.681	100.548
730.681	100.537
731.681	100.518
732.680	100.491
733.680	100.528
734.679	100.602
735.679	100.666
736.678	100.721
737.678	100.765
738.678	100.800
739.677	100.823
740.677	100.852
741.676	100.887
742.676	100.928
743.675	100.968
744.675	100.993
745.675	100.969
746.674	100.950
747.674	100.934
748.673	100.922
749.673	100.914
750.672	100.912
751.672	100.922
752.671	100.936
753.671	100.941
754.671	100.942
755.670	100.943
756.670	100.932
757.669	100.905
758.669	100.881
759.668	100.858
760.668	100.838
761.668	100.820
762.667	100.827
763.667	100.881
764.666	100.928
765.666	100.967
766.665	100.997
767.665	101.019
768.664	101.027
769.664	101.033

