X	Graphic Profile 1
0.000	21.040
1.000	21.040
2.000	21.040
3.000	21.040
4.000	21.040
5.000	21.040
6.000	21.040
7.000	21.040
8.000	21.040
8.999	21.040
9.999	21.040
10.999	21.040
11.999	21.040
12.999	21.040
13.999	21.040
14.999	21.040
15.999	21.040
16.999	21.040
17.999	21.040
18.999	21.040
19.999	21.040
20.999	21.040
21.999	21.040
22.999	21.040
23.999	21.040
24.998	21.040
25.998	21.040
26.998	21.040
27.998	21.040
28.998	21.040
29.998	21.040
30.998	21.040
31.998	21.040
32.998	21.040
33.998	21.040
34.998	21.040
35.998	21.040
36.998	21.040
37.998	21.040
38.998	21.040
39.998	21.040
40.997	21.040
41.997	21.040
42.997	21.040
43.997	21.040
44.997	21.040
45.997	21.040
46.997	21.040
47.997	21.040
48.997	21.040
49.997	21.040
50.997	21.040
51.997	21.040
52.997	21.040
53.997	21.040
54.997	21.041
55.997	21.041
56.996	21.042
57.996	21.042
58.996	21.042
59.996	21.043
60.996	21.043
61.996	21.044
62.996	21.044
63.996	21.045
64.996	21.045
65.996	21.046
66.996	21.046
67.996	21.046
68.996	21.047
69.996	21.047
70.996	21.047
71.996	21.048
72.995	21.048
73.995	21.049
74.995	21.049
75.995	21.049
76.995	21.049
77.995	21.050
78.995	21.050
79.995	21.050
80.995	21.051
81.995	21.051
82.995	21.051
83.995	21.052
84.995	21.052
85.995	21.052
86.995	21.052
87.995	21.052
88.994	21.053
89.994	21.053
90.994	21.053
91.994	21.053
92.994	21.053
93.994	21.054
94.994	21.054
95.994	21.054
96.994	21.054
97.994	21.054
98.994	21.054
99.994	21.055
100.994	21.055
101.994	21.055
102.994	21.055
103.994	21.055
104.993	21.055
105.993	21.055
106.993	21.055
107.993	21.055
108.993	21.055
109.993	21.055
110.993	21.055
111.993	21.055
112.993	21.055
113.993	21.055
114.993	21.055
115.993	21.055
116.993	21.055
117.993	21.055
118.993	21.055
119.993	21.055
120.992	21.055
121.992	21.055
122.992	21.055
123.992	21.055
124.992	21.055
125.992	21.055
126.992	21.055
127.992	21.055
128.992	21.054
129.992	21.054
130.992	21.054
131.992	21.054
132.992	21.054
133.992	21.054
134.992	21.054
135.992	21.053
136.991	21.053
137.991	21.053
138.991	21.053
139.991	21.053
140.991	21.052
141.991	21.052
142.991	21.052
143.991	21.052
144.991	21.051
145.991	21.051
146.991	21.051
147.991	21.051
148.991	21.050
149.991	21.050
150.991	21.050
151.991	21.049
152.990	21.049
153.990	21.050
154.990	21.051
155.990	21.052
156.990	21.052
157.990	21.053
158.990	21.054
159.990	21.055
160.990	21.056
161.990	21.056
162.990	21.057
163.990	21.058
164.990	21.058
165.990	21.059
166.990	21.059
167.990	21.060
168.989	21.060
169.989	21.060
170.989	21.061
171.989	21.061
172.989	21.061
173.989	21.061
174.989	21.063
175.989	21.066
176.989	21.068
177.989	21.071
178.989	21.074
179.989	21.077
180.989	21.080
181.989	21.082
182.989	21.085
183.989	21.088
184.988	21.091
185.988	21.094
186.988	21.097
187.988	21.100
188.988	21.103
189.988	21.107
190.988	21.110
191.988	21.113
192.988	21.116
193.988	21.119
194.988	21.123
195.988	21.126
196.988	21.129
197.988	21.133
198.988	21.136
199.988	21.140
200.987	21.143
201.987	21.147
202.987	21.150
203.987	21.154
204.987	21.158
205.987	21.161
206.987	21.165
207.987	21.169
208.987	21.173
209.987	21.176
210.987	21.180
211.987	21.184
212.987	21.188
213.987	21.192
214.987	21.196
215.987	21.200
216.986	21.204
217.986	21.208
218.986	21.212
219.986	21.216
220.986	21.221
221.986	21.225
222.986	21.229
223.986	21.233
224.986	21.238
225.986	21.242
226.986	21.246
227.986	21.251
228.986	21.255
229.986	21.260
230.986	21.264
231.986	21.269
232.985	21.273
233.985	21.278
234.985	21.283
235.985	21.287
236.985	21.292
237.985	21.297
238.985	21.302
239.985	21.306
240.985	21.311
241.985	21.316
242.985	21.321
243.985	21.326
244.985	21.331
245.985	21.336
246.985	21.341
247.985	21.346
248.984	21.351
249.984	21.357
250.984	21.362
251.984	21.367
252.984	21.371
253.984	21.373
254.984	21.374
255.984	21.376
256.984	21.378
257.984	21.380
258.984	21.382
259.984	21.384
260.984	21.385
261.984	21.387
262.984	21.389
263.984	21.390
264.983	21.392
265.983	21.394
266.983	21.395
267.983	21.397
268.983	21.398
269.983	21.400
270.983	21.401
271.983	21.403
272.983	21.404
273.983	21.406
274.983	21.407
275.983	21.408
276.983	21.410
277.983	21.411
278.983	21.412
279.983	21.414
280.982	21.415
281.982	21.416
282.982	21.417
283.982	21.418
284.982	21.419
285.982	21.421
286.982	21.422
287.982	21.423
288.982	21.424
289.982	21.425
290.982	21.426
291.982	21.427
292.982	21.428
293.982	21.429
294.982	21.429
295.982	21.430
296.981	21.431
297.981	21.432
298.981	21.433
299.981	21.433
300.981	21.434
301.981	21.435
302.981	21.436
303.981	21.436
304.981	21.437
305.981	21.437
306.981	21.438
307.981	21.439
308.981	21.439
309.981	21.440
310.981	21.440
311.981	21.441
312.980	21.441
313.980	21.441
314.980	21.442
315.980	21.442
316.980	21.442
317.980	21.443
318.980	21.443
319.980	21.443
320.980	21.443
321.980	21.444
322.980	21.444
323.980	21.444
324.980	21.444
325.980	21.444
326.980	21.444
327.980	21.444
328.979	21.444
329.979	21.444
330.979	21.444
331.979	21.444
332.979	21.444
333.979	21.444
334.979	21.444
335.979	21.444
336.979	21.443
337.979	21.443
338.979	21.443
339.979	21.443
340.979	21.442
341.979	21.442
342.979	21.442
343.979	21.441
344.978	21.441
345.978	21.441
346.978	21.440
347.978	21.440
348.978	21.439
349.978	21.439
350.978	21.438
351.978	21.437
352.978	21.433
353.978	21.429
354.978	21.425
355.978	21.421
356.978	21.417
357.978	21.412
358.978	21.408
359.978	21.404
360.977	21.399
361.977	21.394
362.977	21.390
363.977	21.385
364.977	21.380
365.977	21.375
366.977	21.370
367.977	21.365
368.977	21.360
369.977	21.354
370.977	21.349
371.977	21.343
372.977	21.338
373.977	21.332
374.977	21.327
375.977	21.321
376.976	21.315
377.976	21.309
378.976	21.303
379.976	21.297
380.976	21.290
381.976	21.284
382.976	21.278
383.976	21.271
384.976	21.265
385.976	21.258
386.976	21.251
387.976	21.244
388.976	21.237
389.976	21.230
390.976	21.223
391.976	21.216
392.975	21.209
393.975	21.202
394.975	21.194
395.975	21.187
396.975	21.179
397.975	21.171
398.975	21.164
399.975	21.156
400.975	21.148
401.975	21.140
402.975	21.132
403.975	21.124
404.975	21.115
405.975	21.107
406.975	21.099
407.975	21.090
408.974	21.081
409.974	21.073
410.974	21.064
411.974	21.055
412.974	21.046
413.974	21.036
414.974	21.027
415.974	21.017
416.974	21.007
417.974	20.997
418.974	20.988
419.974	20.978
420.974	20.968
421.974	20.959
422.974	20.949
423.974	20.939
424.973	20.930
425.973	20.920
426.973	20.910
427.973	20.901
428.973	20.891
429.973	20.881
430.973	20.872
431.973	20.862
432.973	20.852
433.973	20.843
434.973	20.833
435.973	20.823
436.973	20.814
437.973	20.804
438.973	20.795
439.973	20.785
440.972	20.775
441.972	20.766
442.972	20.756
443.972	20.746
444.972	20.737
445.972	20.727
446.972	20.718
447.972	20.708
448.972	20.698
449.972	20.689
450.972	20.679
451.972	20.677
452.972	20.676
453.972	20.674
454.972	20.673
455.972	20.671
456.971	20.669
457.971	20.668
458.971	20.666
459.971	20.665
460.971	20.663
461.971	20.661
462.971	20.660
463.971	20.658
464.971	20.657
465.971	20.655
466.971	20.653
467.971	20.652
468.971	20.650
469.971	20.649
470.971	20.647
471.971	20.646
472.970	20.644
473.970	20.642
474.970	20.641
475.970	20.639
476.970	20.638
477.970	20.636
478.970	20.634
479.970	20.633
480.970	20.631
481.970	20.630
482.970	20.628
483.970	20.626
484.970	20.625
485.970	20.623
486.970	20.622
487.970	20.620
488.969	20.618
489.969	20.617
490.969	20.615
491.969	20.614
492.969	20.612
493.969	20.610
494.969	20.609
495.969	20.607
496.969	20.606
497.969	20.604
498.969	20.602
499.969	20.601
500.969	20.599
501.969	20.598
502.969	20.596
503.969	20.594
504.968	20.593
505.968	20.591
506.968	20.590
507.968	20.588
508.968	20.587
509.968	20.585
510.968	20.583
511.968	20.582
512.968	20.580
513.968	20.578
514.968	20.577
515.968	20.575
516.968	20.574
517.968	20.572
518.968	20.571
519.968	20.569
520.967	20.567
521.967	20.566
522.967	20.564
523.967	20.563
524.967	20.561
525.967	20.559
526.967	20.558
527.967	20.556
528.967	20.555
529.967	20.553
530.967	20.551
531.967	20.550
532.967	20.548
533.967	20.547
534.967	20.545
535.967	20.543
536.966	20.542
537.966	20.540
538.966	20.539
539.966	20.537
540.966	20.536
541.966	20.534
542.966	20.532
543.966	20.531
544.966	20.529
545.966	20.528
546.966	20.526
547.966	20.524
548.966	20.523
549.966	20.521
550.966	20.511
551.966	20.498
552.965	20.485
553.965	20.472
554.965	20.459
555.965	20.445
556.965	20.432
557.965	20.418
558.965	20.404
559.965	20.391
560.965	20.377
561.965	20.363
562.965	20.349
563.965	20.335
564.965	20.321
565.965	20.307
566.965	20.293
567.965	20.278
568.964	20.264
569.964	20.249
570.964	20.235
571.964	20.220
572.964	20.206
573.964	20.191
574.964	20.176
575.964	20.161
576.964	20.146
577.964	20.131
578.964	20.116
579.964	20.100
580.964	20.085
581.964	20.070
582.964	20.054
583.964	20.038
584.963	20.023
585.963	20.007
586.963	19.991
587.963	19.975
588.963	19.959
589.963	19.943
590.963	19.927
591.963	19.911
592.963	19.895
593.963	19.879
594.963	19.862
595.963	19.846
596.963	19.829
597.963	19.812
598.963	19.796
599.963	19.779
600.962	19.762
601.962	19.745
602.962	19.728
603.962	19.711
604.962	19.694
605.962	19.676
606.962	19.659
607.962	19.641
608.962	19.624
609.962	19.606
610.962	19.589
611.962	19.571
612.962	19.553
613.962	19.535
614.962	19.517
615.962	19.499
616.961	19.481
617.961	19.463
618.961	19.444
619.961	19.426
620.961	19.408
621.961	19.389
622.961	19.371
623.961	19.352
624.961	19.333
625.961	19.314
626.961	19.295
627.961	19.276
628.961	19.257
629.961	19.238
630.961	19.219
631.961	19.200
632.960	19.180
633.960	19.161
634.960	19.141
635.960	19.122
636.960	19.102
637.960	19.082
638.960	19.062
639.960	19.042
640.960	19.022
641.960	19.002
642.960	18.982
643.960	18.962
644.960	18.942
645.960	18.921
646.960	18.901
647.960	18.880
648.959	18.860
649.959	18.839
650.959	18.818
651.959	18.793
652.959	18.768
653.959	18.743
654.959	18.717
655.959	18.692
656.959	18.667
657.959	18.642
658.959	18.617
659.959	18.593
660.959	18.568
661.959	18.543
662.959	18.519
663.959	18.495
664.958	18.470
665.958	18.446
666.958	18.422
667.958	18.398
668.958	18.374
669.958	18.350
670.958	18.327
671.958	18.303
672.958	18.279
673.958	18.256
674.958	18.233
675.958	18.209
676.958	18.186
677.958	18.163
678.958	18.140
679.958	18.117
680.957	18.094
681.957	18.072
682.957	18.049
683.957	18.027
684.957	18.004
685.957	17.982
686.957	17.960
687.957	17.938
688.957	17.916
689.957	17.894
690.957	17.872
691.957	17.850
692.957	17.828
693.957	17.807
694.957	17.785
695.957	17.764
696.956	17.742
697.956	17.721
698.956	17.700
699.956	17.679
700.956	17.658
701.956	17.637
702.956	17.617
703.956	17.596
704.956	17.575
705.956	17.555
706.956	17.535
707.956	17.514
708.956	17.494
709.956	17.474
710.956	17.454
711.956	17.434
712.955	17.414
713.955	17.395
714.955	17.375
715.955	17.355
716.955	17.336
717.955	17.317
718.955	17.297
719.955	17.278
720.955	17.259
721.955	17.240
722.955	17.221
723.955	17.202
724.955	17.184
725.955	17.165
726.955	17.147
727.955	17.128
728.954	17.110
729.954	17.092
730.954	17.073
731.954	17.055
732.954	17.037
733.954	17.020
734.954	17.002
735.954	16.984
736.954	16.967
737.954	16.949
738.954	16.932
739.954	16.914
740.954	16.897
741.954	16.880
742.954	16.863
743.954	16.846
744.953	16.829
745.953	16.812
746.953	16.796
747.953	16.779
748.953	16.764
749.953	16.754
750.953	16.744
751.953	16.733
752.953	16.723
753.953	16.713
754.953	16.703
755.953	16.693
756.953	16.683
757.953	16.673
758.953	16.663
759.953	16.653
760.952	16.643
761.952	16.634
762.952	16.624
763.952	16.614
764.952	16.604
765.952	16.595
766.952	16.585
767.952	16.575
768.952	16.566
769.952	16.556
770.952	16.547
771.952	16.537
772.952	16.528
773.952	16.518
774.952	16.509
775.952	16.499
776.951	16.490
777.951	16.481
778.951	16.471
779.951	16.462
780.951	16.453
781.951	16.444
782.951	16.435
783.951	16.426
784.951	16.417
785.951	16.408
786.951	16.399
787.951	16.390
788.951	16.381
789.951	16.372
790.951	16.363
791.951	16.354
792.950	16.345
793.950	16.337
794.950	16.328
795.950	16.319
796.950	16.311
797.950	16.302
798.950	16.293
799.950	16.285
800.950	16.276
801.950	16.268
802.950	16.259
803.950	16.251
804.950	16.243
805.950	16.234
806.950	16.226
807.950	16.218
808.949	16.209
809.949	16.201
810.949	16.193
811.949	16.185
812.949	16.177
813.949	16.169
814.949	16.161
815.949	16.153
816.949	16.145
817.949	16.137
818.949	16.129
819.949	16.121
820.949	16.113
821.949	16.105
822.949	16.097
823.949	16.090
824.948	16.082
825.948	16.074
826.948	16.067
827.948	16.059
828.948	16.052
829.948	16.044
830.948	16.036
831.948	16.029
832.948	16.022
833.948	16.014
834.948	16.007
835.948	15.999
836.948	15.992
837.948	15.985
838.948	15.978
839.948	15.970
840.947	15.963
841.947	15.956
842.947	15.949
843.947	15.942
844.947	15.935
845.947	15.928
846.947	15.921
847.947	15.914
848.947	15.911
849.947	15.908
850.947	15.905
851.947	15.903
852.947	15.900
853.947	15.897
854.947	15.895
855.947	15.892
856.946	15.889
857.946	15.887
858.946	15.884
859.946	15.882
860.946	15.879
861.946	15.877
862.946	15.874
863.946	15.872
864.946	15.870
865.946	15.867
866.946	15.865
867.946	15.863
868.946	15.861
869.946	15.859
870.946	15.857
871.946	15.854
872.945	15.852
873.945	15.850
874.945	15.848
875.945	15.846
876.945	15.845
877.945	15.843
878.945	15.841
879.945	15.839
880.945	15.837
881.945	15.835
882.945	15.834
883.945	15.832
884.945	15.830
885.945	15.829
886.945	15.827
887.945	15.826
888.944	15.824
889.944	15.824
890.944	15.825
891.944	15.827
892.944	15.828
893.944	15.830
894.944	15.831
895.944	15.832
896.944	15.834
897.944	15.835
898.944	15.837
899.944	15.838
900.944	15.840
901.944	15.842
902.944	15.843
903.944	15.845
904.943	15.846
905.943	15.848
906.943	15.850
907.943	15.852
908.943	15.853
909.943	15.855
910.943	15.857
911.943	15.859
912.943	15.861
913.943	15.863
914.943	15.864
915.943	15.866
916.943	15.868
917.943	15.870
918.943	15.872
919.943	15.874
920.942	15.876
921.942	15.879
922.942	15.881
923.942	15.883
924.942	15.885
925.942	15.887
926.942	15.889
927.942	15.892
928.942	15.894
929.942	15.896
930.942	15.899
931.942	15.901
932.942	15.903
933.942	15.906
934.942	15.908
935.942	15.911
936.941	15.913
937.941	15.916
938.941	15.918
939.941	15.921
940.941	15.923
941.941	15.926
942.941	15.928
943.941	15.931
944.941	15.934
945.941	15.936
946.941	15.939
947.941	15.941
948.941	15.942
949.941	15.944
950.941	15.945
951.941	15.947
952.940	15.948
953.940	15.950
954.940	15.951
955.940	15.953
956.940	15.954
957.940	15.956
958.940	15.958
959.940	15.959
960.940	15.961
961.940	15.963
962.940	15.965
963.940	15.966
964.940	15.968
965.940	15.970
966.940	15.972
967.940	15.974
968.939	15.976
969.939	15.978
970.939	15.980
971.939	15.982
972.939	15.984
973.939	15.986
974.939	15.988
975.939	15.990
976.939	15.992
977.939	15.995
978.939	15.997
979.939	15.999
980.939	16.001
981.939	16.004
982.939	16.006
983.939	16.008
984.938	16.011
985.938	16.013
986.938	16.016
987.938	16.018
988.938	16.021
989.938	16.023
990.938	16.026
991.938	16.028
992.938	16.031
993.938	16.034
994.938	16.036
995.938	16.039
996.938	16.042
997.938	16.045
998.938	16.047
999.938	16.050
1000.937	16.053
1001.937	16.056
1002.937	16.059
1003.937	16.062
1004.937	16.065
1005.937	16.068
1006.937	16.071
1007.937	16.074
1008.937	16.077
1009.937	16.080
1010.937	16.083
1011.937	16.087
1012.937	16.090
1013.937	16.093
1014.937	16.096
1015.937	16.100
1016.936	16.103
1017.936	16.106
1018.936	16.110
1019.936	16.113
1020.936	16.116
1021.936	16.120
1022.936	16.123
1023.936	16.127
1024.936	16.130
1025.936	16.134
1026.936	16.138
1027.936	16.141
1028.936	16.145
1029.936	16.149
1030.936	16.152
1031.936	16.156
1032.935	16.160
1033.935	16.164
1034.935	16.168
1035.935	16.171
1036.935	16.175
1037.935	16.179
1038.935	16.183
1039.935	16.187
1040.935	16.191
1041.935	16.195
1042.935	16.199
1043.935	16.203
1044.935	16.208
1045.935	16.212
1046.935	16.215
1047.935	16.216
1048.934	16.218
1049.934	16.219
1050.934	16.220
1051.934	16.222
1052.934	16.223
1053.934	16.225
1054.934	16.226
1055.934	16.228
1056.934	16.229
1057.934	16.230
1058.934	16.232
1059.934	16.233
1060.934	16.235
1061.934	16.236
1062.934	16.238
1063.934	16.239
1064.933	16.240
1065.933	16.242
1066.933	16.243
1067.933	16.245
1068.933	16.246
1069.933	16.248
1070.933	16.249
1071.933	16.250
1072.933	16.252
1073.933	16.253
1074.933	16.255
1075.933	16.256
1076.933	16.258
1077.933	16.259
1078.933	16.260
1079.933	16.262
1080.932	16.263
1081.932	16.265
1082.932	16.266
1083.932	16.267
1084.932	16.269
1085.932	16.270
1086.932	16.272
1087.932	16.273
1088.932	16.275
1089.932	16.276
1090.932	16.278
1091.932	16.279
1092.932	16.280
1093.932	16.282
1094.932	16.283
1095.932	16.285
1096.931	16.286
1097.931	16.287
1098.931	16.289
1099.931	16.290
1100.931	16.292
1101.931	16.293
1102.931	16.295
1103.931	16.296
1104.931	16.297
1105.931	16.299
1106.931	16.300
1107.931	16.302
1108.931	16.303
1109.931	16.305
1110.931	16.306
1111.931	16.307
1112.930	16.309
1113.930	16.310
1114.930	16.312
1115.930	16.313
1116.930	16.315
1117.930	16.316
1118.930	16.317
1119.930	16.319
1120.930	16.320
1121.930	16.322
1122.930	16.323
1123.930	16.325
1124.930	16.326
1125.930	16.327
1126.930	16.329
1127.930	16.330
1128.929	16.330
1129.929	16.330
1130.929	16.330
1131.929	16.330
1132.929	16.330
1133.929	16.330
1134.929	16.330
1135.929	16.330
1136.929	16.330
1137.929	16.330
1138.929	16.330
1139.929	16.330
1140.929	16.330
1141.929	16.330
1142.929	16.331
1143.929	16.331
1144.928	16.331
1145.928	16.331
1146.928	16.333
1147.928	16.335
1148.928	16.337
1149.928	16.339
1150.928	16.340
1151.928	16.342
1152.928	16.344
1153.928	16.346
1154.928	16.347
1155.928	16.349
1156.928	16.351
1157.928	16.353
1158.928	16.354
1159.928	16.356
1160.927	16.358
1161.927	16.359
1162.927	16.361
1163.927	16.362
1164.927	16.364
1165.927	16.365
1166.927	16.367
1167.927	16.368
1168.927	16.370
1169.927	16.371
1170.927	16.373
1171.927	16.374
1172.927	16.376
1173.927	16.377
1174.927	16.379
1175.927	16.380
1176.926	16.381
1177.926	16.383
1178.926	16.384
1179.926	16.385
1180.926	16.387
1181.926	16.388
1182.926	16.389
1183.926	16.390
1184.926	16.391
1185.926	16.393
1186.926	16.394
1187.926	16.395
1188.926	16.396
1189.926	16.397
1190.926	16.398
1191.926	16.399
1192.925	16.401
1193.925	16.402
1194.925	16.403
1195.925	16.404
1196.925	16.405
1197.925	16.406
1198.925	16.407
1199.925	16.408
1200.925	16.408
1201.925	16.409
1202.925	16.410
1203.925	16.411
1204.925	16.412
1205.925	16.413
1206.925	16.414
1207.925	16.414
1208.924	16.415
1209.924	16.416
1210.924	16.417
1211.924	16.417
1212.924	16.418
1213.924	16.419
1214.924	16.420
1215.924	16.420
1216.924	16.421
1217.924	16.421
1218.924	16.422
1219.924	16.423
1220.924	16.423
1221.924	16.424
1222.924	16.424
1223.924	16.425
1224.923	16.425
1225.923	16.426
1226.923	16.426
1227.923	16.427
1228.923	16.427
1229.923	16.428
1230.923	16.428
1231.923	16.428
1232.923	16.429
1233.923	16.429
1234.923	16.429
1235.923	16.430
1236.923	16.430
1237.923	16.430
1238.923	16.431
1239.923	16.431
1240.922	16.431
1241.922	16.431
1242.922	16.431
1243.922	16.432
1244.922	16.432
1245.922	16.434
1246.922	16.436
1247.922	16.438
1248.922	16.440
1249.922	16.443
1250.922	16.445
1251.922	16.448
1252.922	16.450
1253.922	16.453
1254.922	16.455
1255.922	16.458
1256.921	16.461
1257.921	16.463
1258.921	16.466
1259.921	16.469
1260.921	16.472
1261.921	16.475
1262.921	16.478
1263.921	16.481
1264.921	16.484
1265.921	16.487
1266.921	16.491
1267.921	16.494
1268.921	16.497
1269.921	16.501
1270.921	16.504
1271.921	16.507
1272.920	16.511
1273.920	16.515
1274.920	16.518
1275.920	16.522
1276.920	16.526
1277.920	16.529
1278.920	16.533
1279.920	16.537
1280.920	16.541
1281.920	16.545
1282.920	16.549
1283.920	16.553
1284.920	16.557
1285.920	16.561
1286.920	16.566
1287.920	16.570
1288.919	16.574
1289.919	16.579
1290.919	16.583
1291.919	16.588
1292.919	16.592
1293.919	16.597
1294.919	16.601
1295.919	16.606
1296.919	16.611
1297.919	16.616
1298.919	16.620
1299.919	16.625
1300.919	16.630
1301.919	16.635
1302.919	16.640
1303.919	16.645
1304.918	16.651
1305.918	16.656
1306.918	16.661
1307.918	16.666
1308.918	16.672
1309.918	16.677
1310.918	16.682
1311.918	16.688
1312.918	16.694
1313.918	16.699
1314.918	16.705
1315.918	16.710
1316.918	16.716
1317.918	16.722
1318.918	16.728
1319.918	16.734
1320.917	16.740
1321.917	16.746
1322.917	16.752
1323.917	16.758
1324.917	16.764
1325.917	16.770
1326.917	16.777
1327.917	16.783
1328.917	16.789
1329.917	16.796
1330.917	16.802
1331.917	16.809
1332.917	16.815
1333.917	16.822
1334.917	16.828
1335.917	16.835
1336.916	16.842
1337.916	16.849
1338.916	16.856
1339.916	16.863
1340.916	16.870
1341.916	16.877
1342.916	16.884
1343.916	16.891
1344.916	16.894
1345.916	16.896
1346.916	16.898
1347.916	16.899
1348.916	16.901
1349.916	16.903
1350.916	16.905
1351.916	16.906
1352.915	16.908
1353.915	16.910
1354.915	16.911
1355.915	16.913
1356.915	16.915
1357.915	16.916
1358.915	16.918
1359.915	16.920
1360.915	16.921
1361.915	16.923
1362.915	16.925
1363.915	16.926
1364.915	16.928
1365.915	16.930
1366.915	16.929
1367.915	16.928
1368.914	16.927
1369.914	16.926
1370.914	16.925
1371.914	16.924
1372.914	16.923
1373.914	16.921
1374.914	16.920
1375.914	16.919
1376.914	16.918
1377.914	16.916
1378.914	16.915
1379.914	16.914
1380.914	16.913
1381.914	16.911
1382.914	16.910
1383.914	16.908
1384.913	16.907
1385.913	16.906
1386.913	16.904
1387.913	16.903
1388.913	16.901
1389.913	16.900
1390.913	16.898
1391.913	16.897
1392.913	16.895
1393.913	16.893
1394.913	16.892
1395.913	16.890
1396.913	16.888
1397.913	16.887
1398.913	16.885
1399.913	16.883
1400.912	16.882
1401.912	16.880
1402.912	16.878
1403.912	16.876
1404.912	16.874
1405.912	16.872
1406.912	16.871
1407.912	16.869
1408.912	16.867
1409.912	16.865
1410.912	16.863
1411.912	16.861
1412.912	16.859
1413.912	16.857
1414.912	16.855
1415.912	16.853
1416.911	16.851
1417.911	16.848
1418.911	16.846
1419.911	16.844
1420.911	16.842
1421.911	16.840
1422.911	16.838
1423.911	16.835
1424.911	16.833
1425.911	16.831
1426.911	16.828
1427.911	16.826
1428.911	16.824
1429.911	16.822
1430.911	16.819
1431.911	16.817
1432.910	16.814
1433.910	16.812
1434.910	16.809
1435.910	16.807
1436.910	16.804
1437.910	16.802
1438.910	16.799
1439.910	16.797
1440.910	16.794
1441.910	16.791
1442.910	16.789
1443.910	16.783
1444.910	16.773
1445.910	16.763
1446.910	16.753
1447.910	16.743
1448.909	16.733
1449.909	16.724
1450.909	16.714
1451.909	16.704
1452.909	16.694
1453.909	16.685
1454.909	16.675
1455.909	16.665
1456.909	16.656
1457.909	16.646
1458.909	16.637
1459.909	16.628
1460.909	16.618
1461.909	16.609
1462.909	16.600
1463.909	16.591
1464.908	16.581
1465.908	16.572
1466.908	16.563
1467.908	16.554
1468.908	16.545
1469.908	16.536
1470.908	16.527
1471.908	16.519
1472.908	16.510
1473.908	16.501
1474.908	16.492
1475.908	16.484
1476.908	16.475
1477.908	16.467
1478.908	16.458
1479.908	16.450
1480.907	16.441
1481.907	16.433
1482.907	16.425
1483.907	16.416
1484.907	16.408
1485.907	16.400
1486.907	16.392
1487.907	16.384
1488.907	16.376
1489.907	16.368
1490.907	16.360
1491.907	16.352
1492.907	16.344
1493.907	16.336
1494.907	16.328
1495.907	16.321
1496.906	16.313
1497.906	16.306
1498.906	16.298
1499.906	16.290
1500.906	16.283
1501.906	16.276
1502.906	16.268
1503.906	16.261
1504.906	16.254
1505.906	16.246
1506.906	16.239
1507.906	16.232
1508.906	16.225
1509.906	16.218
1510.906	16.211
1511.906	16.204
1512.905	16.197
1513.905	16.190
1514.905	16.183
1515.905	16.176
1516.905	16.170
1517.905	16.163
1518.905	16.156
1519.905	16.150
1520.905	16.143
1521.905	16.137
1522.905	16.130
1523.905	16.124
1524.905	16.117
1525.905	16.111
1526.905	16.105
1527.905	16.099
1528.904	16.092
1529.904	16.086
1530.904	16.080
1531.904	16.074
1532.904	16.068
1533.904	16.062
1534.904	16.056
1535.904	16.051
1536.904	16.045
1537.904	16.039
1538.904	16.033
1539.904	16.028
1540.904	16.022
1541.904	16.016
1542.904	16.012
1543.904	16.012
1544.903	16.013
1545.903	16.013
1546.903	16.013
1547.903	16.014
1548.903	16.014
1549.903	16.015
1550.903	16.015
1551.903	16.016
1552.903	16.016
1553.903	16.017
1554.903	16.017
1555.903	16.018
1556.903	16.018
1557.903	16.019
1558.903	16.019
1559.903	16.019
1560.902	16.020
1561.902	16.020
1562.902	16.021
1563.902	16.021
1564.902	16.022
1565.902	16.022
1566.902	16.023
1567.902	16.023
1568.902	16.024
1569.902	16.024
1570.902	16.025
1571.902	16.025
1572.902	16.025
1573.902	16.026
1574.902	16.026
1575.902	16.027
1576.901	16.027
1577.901	16.028
1578.901	16.028
1579.901	16.029
1580.901	16.029
1581.901	16.030
1582.901	16.030
1583.901	16.031
1584.901	16.031
1585.901	16.031
1586.901	16.032
1587.901	16.032
1588.901	16.033
1589.901	16.033
1590.901	16.034
1591.901	16.034
1592.900	16.035
1593.900	16.035
1594.900	16.036
1595.900	16.036
1596.900	16.037
1597.900	16.037
1598.900	16.037
1599.900	16.038
1600.900	16.038
1601.900	16.039
1602.900	16.039
1603.900	16.040
1604.900	16.040
1605.900	16.041
1606.900	16.041
1607.900	16.041
1608.899	16.042
1609.899	16.042
1610.899	16.043
1611.899	16.043
1612.899	16.044
1613.899	16.044
1614.899	16.044
1615.899	16.045
1616.899	16.045
1617.899	16.046
1618.899	16.046
1619.899	16.047
1620.899	16.047
1621.899	16.047
1622.899	16.048
1623.899	16.048
1624.898	16.049
1625.898	16.049
1626.898	16.049
1627.898	16.050
1628.898	16.050
1629.898	16.051
1630.898	16.051
1631.898	16.052
1632.898	16.052
1633.898	16.052
1634.898	16.053
1635.898	16.053
1636.898	16.054
1637.898	16.054
1638.898	16.054
1639.898	16.055
1640.897	16.055
1641.897	16.056
1642.897	16.056
1643.897	16.057
1644.897	16.057
1645.897	16.058
1646.897	16.059
1647.897	16.059
1648.897	16.060
1649.897	16.061
1650.897	16.061
1651.897	16.062
1652.897	16.063
1653.897	16.063
1654.897	16.064
1655.897	16.065
1656.896	16.065
1657.896	16.066
1658.896	16.067
1659.896	16.067
1660.896	16.068
1661.896	16.069
1662.896	16.070
1663.896	16.070
1664.896	16.071
1665.896	16.072
1666.896	16.073
1667.896	16.074
1668.896	16.074
1669.896	16.075
1670.896	16.076
1671.896	16.077
1672.895	16.078
1673.895	16.078
1674.895	16.079
1675.895	16.080
1676.895	16.081
1677.895	16.082
1678.895	16.083
1679.895	16.084
1680.895	16.085
1681.895	16.086
1682.895	16.086
1683.895	16.087
1684.895	16.088
1685.895	16.089
1686.895	16.090
1687.895	16.091
1688.894	16.092
1689.894	16.093
1690.894	16.094
1691.894	16.095
1692.894	16.096
1693.894	16.097
1694.894	16.098
1695.894	16.099
1696.894	16.100
1697.894	16.101
1698.894	16.102
1699.894	16.103
1700.894	16.104
1701.894	16.106
1702.894	16.107
1703.894	16.108
1704.893	16.109
1705.893	16.110
1706.893	16.111
1707.893	16.112
1708.893	16.113
1709.893	16.114
1710.893	16.116
1711.893	16.117
1712.893	16.118
1713.893	16.119
1714.893	16.120
1715.893	16.122
1716.893	16.123
1717.893	16.124
1718.893	16.125
1719.893	16.126
1720.892	16.128
1721.892	16.129
1722.892	16.130
1723.892	16.131
1724.892	16.133
1725.892	16.134
1726.892	16.135
1727.892	16.137
1728.892	16.138
1729.892	16.139
1730.892	16.141
1731.892	16.142
1732.892	16.143
1733.892	16.145
1734.892	16.146
1735.892	16.147
1736.891	16.149
1737.891	16.150
1738.891	16.151
1739.891	16.153
1740.891	16.154
1741.891	16.153
1742.891	16.149
1743.891	16.146
1744.891	16.142
1745.891	16.138
1746.891	16.135
1747.891	16.131
1748.891	16.127
1749.891	16.124
1750.891	16.120
1751.891	16.116
1752.890	16.112
1753.890	16.108
1754.890	16.104
1755.890	16.100
1756.890	16.096
1757.890	16.092
1758.890	16.088
1759.890	16.084
1760.890	16.080
1761.890	16.076
1762.890	16.072
1763.890	16.067
1764.890	16.063
1765.890	16.059
1766.890	16.054
1767.890	16.050
1768.889	16.046
1769.889	16.041
1770.889	16.037
1771.889	16.032
1772.889	16.028
1773.889	16.023
1774.889	16.019
1775.889	16.014
1776.889	16.009
1777.889	16.004
1778.889	16.000
1779.889	15.995
1780.889	15.990
1781.889	15.985
1782.889	15.980
1783.889	15.976
1784.888	15.971
1785.888	15.966
1786.888	15.961
1787.888	15.956
1788.888	15.950
1789.888	15.945
1790.888	15.940
1791.888	15.935
1792.888	15.930
1793.888	15.925
1794.888	15.919
1795.888	15.914
1796.888	15.909
1797.888	15.903
1798.888	15.898
1799.888	15.892
1800.887	15.887
1801.887	15.881
1802.887	15.876
1803.887	15.870
1804.887	15.865
1805.887	15.859
1806.887	15.853
1807.887	15.848
1808.887	15.842
1809.887	15.836
1810.887	15.830
1811.887	15.824
1812.887	15.818
1813.887	15.812
1814.887	15.807
1815.887	15.801
1816.886	15.794
1817.886	15.788
1818.886	15.782
1819.886	15.776
1820.886	15.770
1821.886	15.764
1822.886	15.758
1823.886	15.751
1824.886	15.745
1825.886	15.739
1826.886	15.732
1827.886	15.726
1828.886	15.720
1829.886	15.713
1830.886	15.707
1831.886	15.700
1832.885	15.693
1833.885	15.687
1834.885	15.680
1835.885	15.674
1836.885	15.667
1837.885	15.660
1838.885	15.653
1839.885	15.647
1840.885	15.641
1841.885	15.638
1842.885	15.635
1843.885	15.635
1844.885	15.634
1845.885	15.633
1846.885	15.632
1847.885	15.631
1848.884	15.630
1849.884	15.629
1850.884	15.629
1851.884	15.628
1852.884	15.627
1853.884	15.626
1854.884	15.625
1855.884	15.624
1856.884	15.623
1857.884	15.622
1858.884	15.621
1859.884	15.620
1860.884	15.619
1861.884	15.618
1862.884	15.616
1863.884	15.615
1864.883	15.614
1865.883	15.613
1866.883	15.612
1867.883	15.611
1868.883	15.609
1869.883	15.608
1870.883	15.607
1871.883	15.606
1872.883	15.604
1873.883	15.603
1874.883	15.602
1875.883	15.601
1876.883	15.599
1877.883	15.598
1878.883	15.596
1879.883	15.595
1880.882	15.594
1881.882	15.592
1882.882	15.591
1883.882	15.589
1884.882	15.588
1885.882	15.586
1886.882	15.585
1887.882	15.583
1888.882	15.582
1889.882	15.580
1890.882	15.579
1891.882	15.577
1892.882	15.575
1893.882	15.574
1894.882	15.572
1895.882	15.570
1896.881	15.569
1897.881	15.567
1898.881	15.565
1899.881	15.564
1900.881	15.562
1901.881	15.560
1902.881	15.558
1903.881	15.557
1904.881	15.555
1905.881	15.553
1906.881	15.551
1907.881	15.549
1908.881	15.547
1909.881	15.545
1910.881	15.543
1911.881	15.542
1912.880	15.540
1913.880	15.538
1914.880	15.536
1915.880	15.534
1916.880	15.532
1917.880	15.530
1918.880	15.528
1919.880	15.525
1920.880	15.523
1921.880	15.521
1922.880	15.519
1923.880	15.517
1924.880	15.515
1925.880	15.513
1926.880	15.510
1927.880	15.508
1928.879	15.506
1929.879	15.504
1930.879	15.502
1931.879	15.499
1932.879	15.497
1933.879	15.495
1934.879	15.492
1935.879	15.490
1936.879	15.488
1937.879	15.485
1938.879	15.483
1939.879	15.480
1940.879	15.477
1941.879	15.473
1942.879	15.469
1943.879	15.466
1944.878	15.462
1945.878	15.458
1946.878	15.454
1947.878	15.450
1948.878	15.446
1949.878	15.442
1950.878	15.438
1951.878	15.434
1952.878	15.430
1953.878	15.426
1954.878	15.422
1955.878	15.417
1956.878	15.413
1957.878	15.409
1958.878	15.404
1959.878	15.400
1960.877	15.396
1961.877	15.391
1962.877	15.387
1963.877	15.382
1964.877	15.377
1965.877	15.373
1966.877	15.368
1967.877	15.363
1968.877	15.358
1969.877	15.354
1970.877	15.349
1971.877	15.344
1972.877	15.339
1973.877	15.334
1974.877	15.329
1975.877	15.324
1976.876	15.319
1977.876	15.313
1978.876	15.308
1979.876	15.303
1980.876	15.298
1981.876	15.292
1982.876	15.287
1983.876	15.282
1984.876	15.276
1985.876	15.271
1986.876	15.265
1987.876	15.260
1988.876	15.254
1989.876	15.248
1990.876	15.243
1991.876	15.237
1992.875	15.231
1993.875	15.225
1994.875	15.219
1995.875	15.214
1996.875	15.208
1997.875	15.202
1998.875	15.196
1999.875	15.190
2000.875	15.183
2001.875	15.177
2002.875	15.171
2003.875	15.165
2004.875	15.159
2005.875	15.152
2006.875	15.146
2007.875	15.139
2008.874	15.133
2009.874	15.127
2010.874	15.120
2011.874	15.113
2012.874	15.107
2013.874	15.100
2014.874	15.093
2015.874	15.087
2016.874	15.080
2017.874	15.073
2018.874	15.066
2019.874	15.059
2020.874	15.052
2021.874	15.045
2022.874	15.038
2023.874	15.031
2024.873	15.024
2025.873	15.017
2026.873	15.010
2027.873	15.003
2028.873	14.995
2029.873	14.988
2030.873	14.981
2031.873	14.973
2032.873	14.966
2033.873	14.958
2034.873	14.951
2035.873	14.943
2036.873	14.936
2037.873	14.928
2038.873	14.920
2039.873	14.918
2040.872	14.916
2041.872	14.914
2042.872	14.913
2043.872	14.911
2044.872	14.910
2045.872	14.908
2046.872	14.906
2047.872	14.905
2048.872	14.903
2049.872	14.901
2050.872	14.900
2051.872	14.898
2052.872	14.896
2053.872	14.895
2054.872	14.893
2055.872	14.892
2056.871	14.890
2057.871	14.888
2058.871	14.887
2059.871	14.885
2060.871	14.883
2061.871	14.882
2062.871	14.880
2063.871	14.878
2064.871	14.877
2065.871	14.875
2066.871	14.874
2067.871	14.872
2068.871	14.870
2069.871	14.869
2070.871	14.867
2071.871	14.865
2072.870	14.864
2073.870	14.862
2074.870	14.860
2075.870	14.859
2076.870	14.857
2077.870	14.856
2078.870	14.854
2079.870	14.852
2080.870	14.851
2081.870	14.853
2082.870	14.857
2083.870	14.862
2084.870	14.866
2085.870	14.871
2086.870	14.875
2087.870	14.880
2088.869	14.884
2089.869	14.888
2090.869	14.893
2091.869	14.897
2092.869	14.902
2093.869	14.906
2094.869	14.911
2095.869	14.915
2096.869	14.920
2097.869	14.924
2098.869	14.928
2099.869	14.933
2100.869	14.937
2101.869	14.942
2102.869	14.946
2103.869	14.951
2104.868	14.955
2105.868	14.960
2106.868	14.964
2107.868	14.968
2108.868	14.973
2109.868	14.977
2110.868	14.982
2111.868	14.986
2112.868	14.991
2113.868	14.995
2114.868	15.000
2115.868	15.004
2116.868	15.008
2117.868	15.013
2118.868	15.017
2119.868	15.022
2120.867	15.026
2121.867	15.031
2122.867	15.035
2123.867	15.040
2124.867	15.044
2125.867	15.048
2126.867	15.053
2127.867	15.057
2128.867	15.062
2129.867	15.066
2130.867	15.071
2131.867	15.075
2132.867	15.080
2133.867	15.084
2134.867	15.088
2135.867	15.093
2136.866	15.097
2137.866	15.102
2138.866	15.106
2139.866	15.110
2140.866	15.114
2141.866	15.117
2142.866	15.121
2143.866	15.125
2144.866	15.128
2145.866	15.132
2146.866	15.136
2147.866	15.139
2148.866	15.143
2149.866	15.146
2150.866	15.150
2151.866	15.154
2152.865	15.157
2153.865	15.161
2154.865	15.164
2155.865	15.167
2156.865	15.171
2157.865	15.174
2158.865	15.178
2159.865	15.181
2160.865	15.184
2161.865	15.188
2162.865	15.191
2163.865	15.194
2164.865	15.197
2165.865	15.201
2166.865	15.204
2167.865	15.207
2168.864	15.210
2169.864	15.213
2170.864	15.217
2171.864	15.220
2172.864	15.223
2173.864	15.226
2174.864	15.229
2175.864	15.232
2176.864	15.235
2177.864	15.238
2178.864	15.241
2179.864	15.244
2180.864	15.246
2181.864	15.249
2182.864	15.252
2183.864	15.255
2184.863	15.258
2185.863	15.261
2186.863	15.263
2187.863	15.266
2188.863	15.269
2189.863	15.272
2190.863	15.274
2191.863	15.277
2192.863	15.279
2193.863	15.282
2194.863	15.285
2195.863	15.287
2196.863	15.290
2197.863	15.292
2198.863	15.295
2199.863	15.297
2200.862	15.300
2201.862	15.302
2202.862	15.305
2203.862	15.307
2204.862	15.309
2205.862	15.312
2206.862	15.314
2207.862	15.316
2208.862	15.319
2209.862	15.321
2210.862	15.323
2211.862	15.325
2212.862	15.327
2213.862	15.330
2214.862	15.332
2215.862	15.334
2216.861	15.336
2217.861	15.338
2218.861	15.340
2219.861	15.342
2220.861	15.344
2221.861	15.346
2222.861	15.348
2223.861	15.350
2224.861	15.352
2225.861	15.354
2226.861	15.356
2227.861	15.358
2228.861	15.360
2229.861	15.361
2230.861	15.363
2231.861	15.365
2232.860	15.367
2233.860	15.368
2234.860	15.370
2235.860	15.372
2236.860	15.374
2237.860	15.371
2238.860	15.357
2239.860	15.343
2240.860	15.329
2241.860	15.315
2242.860	15.301
2243.860	15.286
2244.860	15.272
2245.860	15.257
2246.860	15.242
2247.860	15.227
2248.859	15.212
2249.859	15.196
2250.859	15.181
2251.859	15.165
2252.859	15.149
2253.859	15.133
2254.859	15.117
2255.859	15.101
2256.859	15.084
2257.859	15.068
2258.859	15.051
2259.859	15.034
2260.859	15.017
2261.859	15.000
2262.859	14.983
2263.859	14.965
2264.858	14.947
2265.858	14.930
2266.858	14.912
2267.858	14.894
2268.858	14.875
2269.858	14.857
2270.858	14.838
2271.858	14.820
2272.858	14.801
2273.858	14.782
2274.858	14.763
2275.858	14.743
2276.858	14.724
2277.858	14.704
2278.858	14.684
2279.858	14.664
2280.857	14.644
2281.857	14.624
2282.857	14.604
2283.857	14.583
2284.857	14.562
2285.857	14.542
2286.857	14.521
2287.857	14.500
2288.857	14.478
2289.857	14.457
2290.857	14.435
2291.857	14.413
2292.857	14.391
2293.857	14.369
2294.857	14.347
2295.857	14.325
2296.856	14.302
2297.856	14.280
2298.856	14.257
2299.856	14.234
2300.856	14.211
2301.856	14.187
2302.856	14.164
2303.856	14.140
2304.856	14.117
2305.856	14.093
2306.856	14.069
2307.856	14.045
2308.856	14.020
2309.856	13.996
2310.856	13.971
2311.856	13.946
2312.855	13.921
2313.855	13.896
2314.855	13.871
2315.855	13.846
2316.855	13.820
2317.855	13.794
2318.855	13.768
2319.855	13.744
2320.855	13.726
2321.855	13.707
2322.855	13.689
2323.855	13.671
2324.855	13.652
2325.855	13.634
2326.855	13.616
2327.855	13.598
2328.854	13.580
2329.854	13.562
2330.854	13.544
2331.854	13.526
2332.854	13.508
2333.854	13.490
2334.854	13.472
2335.854	13.454
2336.854	13.437
2337.854	13.436
2338.854	13.435
2339.854	13.434
2340.854	13.433
2341.854	13.432
2342.854	13.431
2343.854	13.429
2344.853	13.428
2345.853	13.426
2346.853	13.424
2347.853	13.422
2348.853	13.420
2349.853	13.418
2350.853	13.416
2351.853	13.414
2352.853	13.411
2353.853	13.409
2354.853	13.406
2355.853	13.404
2356.853	13.401
2357.853	13.398
2358.853	13.395
2359.853	13.392
2360.852	13.389
2361.852	13.386
2362.852	13.382
2363.852	13.379
2364.852	13.375
2365.852	13.372
2366.852	13.368
2367.852	13.364
2368.852	13.360
2369.852	13.356
2370.852	13.352
2371.852	13.347
2372.852	13.343
2373.852	13.339
2374.852	13.334
2375.852	13.329
2376.851	13.325
2377.851	13.320
2378.851	13.315
2379.851	13.310
2380.851	13.305
2381.851	13.299
2382.851	13.294
2383.851	13.288
2384.851	13.283
2385.851	13.277
2386.851	13.272
2387.851	13.266
2388.851	13.260
2389.851	13.254
2390.851	13.247
2391.851	13.241
2392.850	13.235
2393.850	13.228
2394.850	13.222
2395.850	13.215
2396.850	13.208
2397.850	13.202
2398.850	13.195
2399.850	13.188
2400.850	13.180
2401.850	13.173
2402.850	13.166
2403.850	13.158
2404.850	13.151
2405.850	13.143
2406.850	13.135
2407.850	13.128
2408.849	13.120
2409.849	13.112
2410.849	13.103
2411.849	13.095
2412.849	13.087
2413.849	13.078
2414.849	13.070
2415.849	13.061
2416.849	13.052
2417.849	13.043
2418.849	13.035
2419.849	13.025
2420.849	13.016
2421.849	13.007
2422.849	12.998
2423.849	12.988
2424.848	12.979
2425.848	12.969
2426.848	12.959
2427.848	12.949
2428.848	12.940
2429.848	12.929
2430.848	12.919
2431.848	12.909
2432.848	12.899
2433.848	12.888
2434.848	12.878
2435.848	12.867
2436.848	12.859
2437.848	12.850
2438.848	12.842
2439.848	12.834
2440.847	12.825
2441.847	12.817
2442.847	12.808
2443.847	12.799
2444.847	12.790
2445.847	12.781
2446.847	12.772
2447.847	12.762
2448.847	12.753
2449.847	12.743
2450.847	12.733
2451.847	12.723
2452.847	12.713
2453.847	12.703
2454.847	12.692
2455.847	12.682
2456.846	12.671
2457.846	12.660
2458.846	12.649
2459.846	12.638
2460.846	12.627
2461.846	12.615
2462.846	12.604
2463.846	12.592
2464.846	12.580
2465.846	12.568
2466.846	12.556
2467.846	12.544
2468.846	12.532
2469.846	12.519
2470.846	12.507
2471.846	12.494
2472.845	12.481
2473.845	12.468
2474.845	12.455
2475.845	12.442
2476.845	12.428
2477.845	12.415
2478.845	12.401
2479.845	12.387
2480.845	12.373
2481.845	12.359
2482.845	12.345
2483.845	12.330
2484.845	12.316
2485.845	12.301
2486.845	12.286
2487.845	12.271
2488.844	12.256
2489.844	12.241
2490.844	12.225
2491.844	12.210
2492.844	12.194
2493.844	12.178
2494.844	12.163
2495.844	12.146
2496.844	12.130
2497.844	12.114
2498.844	12.097
2499.844	12.081
2500.844	12.064
2501.844	12.047
2502.844	12.030
2503.844	12.013
2504.843	11.996
2505.843	11.978
2506.843	11.961
2507.843	11.943
2508.843	11.925
2509.843	11.907
2510.843	11.889
2511.843	11.871
2512.843	11.852
2513.843	11.834
2514.843	11.815
2515.843	11.796
2516.843	11.777
2517.843	11.758
2518.843	11.739
2519.843	11.720
2520.842	11.700
2521.842	11.680
2522.842	11.661
2523.842	11.641
2524.842	11.621
2525.842	11.601
2526.842	11.580
2527.842	11.560
2528.842	11.539
2529.842	11.518
2530.842	11.497
2531.842	11.476
2532.842	11.455
2533.842	11.434
2534.842	11.413
2535.842	11.395
2536.841	11.382
2537.841	11.368
2538.841	11.355
2539.841	11.342
2540.841	11.329
2541.841	11.316
2542.841	11.303
2543.841	11.290
2544.841	11.277
2545.841	11.264
2546.841	11.251
2547.841	11.239
2548.841	11.226
2549.841	11.213
2550.841	11.201
2551.841	11.188
2552.840	11.176
2553.840	11.164
2554.840	11.151
2555.840	11.139
2556.840	11.127
2557.840	11.115
2558.840	11.108
2559.840	11.102
2560.840	11.097
2561.840	11.091
2562.840	11.085
2563.840	11.079
2564.840	11.072
2565.840	11.066
2566.840	11.060
2567.840	11.053
2568.839	11.047
2569.839	11.040
2570.839	11.033

