   7.9145250e-02   1.5844914e-01   4.7328511e-01
   7.9859128e-02   1.6003554e-01   4.7598198e-01
   8.0573006e-02   1.6162193e-01   4.7867885e-01
   8.1286884e-02   1.6320833e-01   4.8137572e-01
   8.2000761e-02   1.6479472e-01   4.8407259e-01
   8.2714639e-02   1.6638112e-01   4.8676947e-01
   8.3428517e-02   1.6796751e-01   4.8946634e-01
   8.4142395e-02   1.6955391e-01   4.9216321e-01
   8.4856273e-02   1.7114030e-01   4.9486008e-01
   8.5570150e-02   1.7272670e-01   4.9755695e-01
   8.6284028e-02   1.7431309e-01   5.0025382e-01
   8.6997906e-02   1.7589949e-01   5.0295069e-01
   8.7711784e-02   1.7748588e-01   5.0564757e-01
   8.8425662e-02   1.7907228e-01   5.0834444e-01
   8.9139539e-02   1.8065867e-01   5.1104131e-01
   8.9853417e-02   1.8224507e-01   5.1373818e-01
   9.0567295e-02   1.8383146e-01   5.1643505e-01
   9.1281173e-02   1.8541786e-01   5.1913192e-01
   9.1995050e-02   1.8700425e-01   5.2182880e-01
   9.2708928e-02   1.8859065e-01   5.2452567e-01
   9.3422806e-02   1.9017704e-01   5.2722254e-01
   9.4136684e-02   1.9176344e-01   5.2991941e-01
   9.4850562e-02   1.9334983e-01   5.3261628e-01
   9.5564439e-02   1.9493623e-01   5.3531315e-01
   9.6278317e-02   1.9652262e-01   5.3801003e-01
   9.6992195e-02   1.9810902e-01   5.4070690e-01
   9.7706073e-02   1.9969541e-01   5.4340377e-01
   9.8419951e-02   2.0128181e-01   5.4610064e-01
   9.9133828e-02   2.0286820e-01   5.4879751e-01
   9.9847706e-02   2.0445460e-01   5.5149438e-01
   1.0056158e-01   2.0604099e-01   5.5419126e-01
   1.0127546e-01   2.0762739e-01   5.5688813e-01
   1.0198934e-01   2.0921378e-01   5.5958500e-01
   1.0270322e-01   2.1080018e-01   5.6228187e-01
   1.0341709e-01   2.1238657e-01   5.6497874e-01
   1.0413097e-01   2.1397297e-01   5.6767561e-01
   1.0484485e-01   2.1555936e-01   5.7037249e-01
   1.0555873e-01   2.1714576e-01   5.7306936e-01
   1.0627261e-01   2.1873215e-01   5.7576623e-01
   1.0698648e-01   2.2031855e-01   5.7846310e-01
   1.0770036e-01   2.2190494e-01   5.8115997e-01
   1.0841424e-01   2.2349134e-01   5.8385684e-01
   1.0912812e-01   2.2507773e-01   5.8655372e-01
   1.0984200e-01   2.2666413e-01   5.8925059e-01
   1.1055587e-01   2.2825052e-01   5.9194746e-01
   1.1126975e-01   2.2983692e-01   5.9464433e-01
   1.1198363e-01   2.3142331e-01   5.9734120e-01
   1.1269751e-01   2.3300971e-01   6.0003807e-01
   1.1341138e-01   2.3459610e-01   6.0273495e-01
   1.1412526e-01   2.3618250e-01   6.0543182e-01
   1.1483914e-01   2.3776889e-01   6.0812869e-01
   1.1555302e-01   2.3935529e-01   6.1082556e-01
   1.1626690e-01   2.4094168e-01   6.1352243e-01
   1.1698077e-01   2.4252808e-01   6.1621930e-01
   1.1769465e-01   2.4411447e-01   6.1891617e-01
   1.1840853e-01   2.4570087e-01   6.2161305e-01
   1.1912241e-01   2.4728726e-01   6.2430992e-01
   1.1983628e-01   2.4887366e-01   6.2700679e-01
   1.2055016e-01   2.5046005e-01   6.2970366e-01
   1.2126404e-01   2.5204645e-01   6.3240053e-01
   1.2197792e-01   2.5363284e-01   6.3509740e-01
   1.2269180e-01   2.5521924e-01   6.3779428e-01
   1.2340567e-01   2.5680563e-01   6.4049115e-01
   1.2411955e-01   2.5839203e-01   6.4318802e-01
   1.2483343e-01   2.5997843e-01   6.4588489e-01
   1.2554731e-01   2.6156482e-01   6.4858176e-01
   1.2626118e-01   2.6315122e-01   6.5127863e-01
   1.2697506e-01   2.6473761e-01   6.5397551e-01
   1.2768894e-01   2.6632401e-01   6.5667238e-01
   1.2840282e-01   2.6791040e-01   6.5936925e-01
   1.2911670e-01   2.6949680e-01   6.6206612e-01
   1.2983057e-01   2.7108319e-01   6.6476299e-01
   1.3054445e-01   2.7266959e-01   6.6745986e-01
   1.3125833e-01   2.7425598e-01   6.7015674e-01
   1.3197221e-01   2.7584238e-01   6.7285361e-01
   1.3268608e-01   2.7742877e-01   6.7555048e-01
   1.3339996e-01   2.7901517e-01   6.7824735e-01
   1.3411384e-01   2.8060156e-01   6.8094422e-01
   1.3482772e-01   2.8218796e-01   6.8364109e-01
   1.3554160e-01   2.8377435e-01   6.8633797e-01
   1.3625547e-01   2.8536075e-01   6.8903484e-01
   1.3696935e-01   2.8694714e-01   6.9173171e-01
   1.3768323e-01   2.8853354e-01   6.9442858e-01
   1.3839711e-01   2.9011993e-01   6.9712545e-01
   1.3911098e-01   2.9170633e-01   6.9982232e-01
   1.3982486e-01   2.9329272e-01   7.0251920e-01
   1.4053874e-01   2.9487912e-01   7.0521607e-01
   1.4125262e-01   2.9646551e-01   7.0791294e-01
   1.4196650e-01   2.9805191e-01   7.1060981e-01
   1.4268037e-01   2.9963830e-01   7.1330668e-01
   1.4339425e-01   3.0122470e-01   7.1600355e-01
   1.4410813e-01   3.0281109e-01   7.1870043e-01
   1.4482201e-01   3.0439749e-01   7.2139730e-01
   1.4553588e-01   3.0598388e-01   7.2409417e-01
   1.4624976e-01   3.0757028e-01   7.2679104e-01
   1.4696364e-01   3.0915667e-01   7.2948791e-01
   1.4767752e-01   3.1074307e-01   7.3218478e-01
   1.4839140e-01   3.1232946e-01   7.3488165e-01
   1.4889680e-01   3.1393835e-01   7.3741864e-01
   1.4787343e-01   3.1571220e-01   7.3878314e-01
   1.4685006e-01   3.1748605e-01   7.4014764e-01
   1.4582668e-01   3.1925990e-01   7.4151214e-01
   1.4480331e-01   3.2103374e-01   7.4287664e-01
   1.4377993e-01   3.2280759e-01   7.4424113e-01
   1.4275656e-01   3.2458144e-01   7.4560563e-01
   1.4173319e-01   3.2635529e-01   7.4697013e-01
   1.4070981e-01   3.2812914e-01   7.4833463e-01
   1.3968644e-01   3.2990298e-01   7.4969913e-01
   1.3866306e-01   3.3167683e-01   7.5106363e-01
   1.3763969e-01   3.3345068e-01   7.5242813e-01
   1.3661632e-01   3.3522453e-01   7.5379262e-01
   1.3559294e-01   3.3699838e-01   7.5515712e-01
   1.3456957e-01   3.3877222e-01   7.5652162e-01
   1.3354620e-01   3.4054607e-01   7.5788612e-01
   1.3252282e-01   3.4231992e-01   7.5925062e-01
   1.3149945e-01   3.4409377e-01   7.6061512e-01
   1.3047607e-01   3.4586762e-01   7.6197961e-01
   1.2945270e-01   3.4764146e-01   7.6334411e-01
   1.2842933e-01   3.4941531e-01   7.6470861e-01
   1.2740595e-01   3.5118916e-01   7.6607311e-01
   1.2638258e-01   3.5296301e-01   7.6743761e-01
   1.2535920e-01   3.5473686e-01   7.6880211e-01
   1.2433583e-01   3.5651070e-01   7.7016661e-01
   1.2331246e-01   3.5828455e-01   7.7153110e-01
   1.2228908e-01   3.6005840e-01   7.7289560e-01
   1.2126571e-01   3.6183225e-01   7.7426010e-01
   1.2024233e-01   3.6360610e-01   7.7562460e-01
   1.1921896e-01   3.6537994e-01   7.7698910e-01
   1.1819559e-01   3.6715379e-01   7.7835360e-01
   1.1717221e-01   3.6892764e-01   7.7971809e-01
   1.1614884e-01   3.7070149e-01   7.8108259e-01
   1.1512547e-01   3.7247534e-01   7.8244709e-01
   1.1410209e-01   3.7424918e-01   7.8381159e-01
   1.1307872e-01   3.7602303e-01   7.8517609e-01
   1.1205534e-01   3.7779688e-01   7.8654059e-01
   1.1103197e-01   3.7957073e-01   7.8790509e-01
   1.1000860e-01   3.8134458e-01   7.8926958e-01
   1.0898522e-01   3.8311842e-01   7.9063408e-01
   1.0796185e-01   3.8489227e-01   7.9199858e-01
   1.0693847e-01   3.8666612e-01   7.9336308e-01
   1.0591510e-01   3.8843997e-01   7.9472758e-01
   1.0489173e-01   3.9021382e-01   7.9609208e-01
   1.0386835e-01   3.9198766e-01   7.9745657e-01
   1.0284498e-01   3.9376151e-01   7.9882107e-01
   1.0182161e-01   3.9553536e-01   8.0018557e-01
   1.0079823e-01   3.9730921e-01   8.0155007e-01
   9.9774858e-02   3.9908306e-01   8.0291457e-01
   9.8751484e-02   4.0085691e-01   8.0427907e-01
   9.7728110e-02   4.0263075e-01   8.0564357e-01
   9.6704736e-02   4.0440460e-01   8.0700806e-01
   9.5681362e-02   4.0617845e-01   8.0837256e-01
   9.4657988e-02   4.0795230e-01   8.0973706e-01
   9.3634615e-02   4.0972615e-01   8.1110156e-01
   9.2611241e-02   4.1149999e-01   8.1246606e-01
   9.1587867e-02   4.1327384e-01   8.1383056e-01
   9.0564493e-02   4.1504769e-01   8.1519506e-01
   9.0466531e-02   4.1712869e-01   8.1649763e-01
   9.0889114e-02   4.1938247e-01   8.1776538e-01
   9.1311697e-02   4.2163624e-01   8.1903313e-01
   9.1734280e-02   4.2389002e-01   8.2030088e-01
   9.2156863e-02   4.2614379e-01   8.2156863e-01
   9.2579446e-02   4.2839757e-01   8.2283638e-01
   9.3002028e-02   4.3065134e-01   8.2410412e-01
   9.3424611e-02   4.3290512e-01   8.2537187e-01
   9.3847194e-02   4.3515889e-01   8.2663962e-01
   9.4269777e-02   4.3741267e-01   8.2790737e-01
   9.4692360e-02   4.3966644e-01   8.2917512e-01
   9.5114943e-02   4.4192022e-01   8.3044287e-01
   9.5537525e-02   4.4417399e-01   8.3171062e-01
   9.5960108e-02   4.4642777e-01   8.3297836e-01
   9.6382691e-02   4.4868154e-01   8.3424611e-01
   9.6805274e-02   4.5093532e-01   8.3551386e-01
   9.7227857e-02   4.5318909e-01   8.3678161e-01
   9.7650439e-02   4.5544287e-01   8.3804936e-01
   9.8073022e-02   4.5769664e-01   8.3931711e-01
   9.8495605e-02   4.5995042e-01   8.4058485e-01
   9.8918188e-02   4.6220419e-01   8.4185260e-01
   9.9340771e-02   4.6445797e-01   8.4312035e-01
   9.9763354e-02   4.6671174e-01   8.4438810e-01
   1.0018594e-01   4.6896552e-01   8.4565585e-01
   1.0060852e-01   4.7121929e-01   8.4692360e-01
   1.0103110e-01   4.7347307e-01   8.4819135e-01
   1.0145368e-01   4.7572684e-01   8.4945909e-01
   1.0187627e-01   4.7798062e-01   8.5072684e-01
   1.0223368e-01   4.7963213e-01   8.5163535e-01
   1.0257481e-01   4.8113308e-01   8.5245405e-01
   1.0291593e-01   4.8263403e-01   8.5327275e-01
   1.0325706e-01   4.8413498e-01   8.5409145e-01
   1.0359818e-01   4.8563592e-01   8.5491015e-01
   1.0393931e-01   4.8713687e-01   8.5572885e-01
   1.0428043e-01   4.8863782e-01   8.5654755e-01
   1.0462156e-01   4.9013877e-01   8.5736625e-01
   1.0496268e-01   4.9163972e-01   8.5818494e-01
   1.0530381e-01   4.9314067e-01   8.5900364e-01
   1.0564493e-01   4.9464161e-01   8.5982234e-01
   1.0598605e-01   4.9614256e-01   8.6064104e-01
   1.0632718e-01   4.9764351e-01   8.6145974e-01
   1.0666830e-01   4.9914446e-01   8.6227844e-01
   1.0700943e-01   5.0064541e-01   8.6309714e-01
   1.0735055e-01   5.0214636e-01   8.6391584e-01
   1.0769168e-01   5.0364730e-01   8.6473454e-01
   1.0803280e-01   5.0514825e-01   8.6555324e-01
   1.0837393e-01   5.0664920e-01   8.6637193e-01
   1.0871505e-01   5.0815015e-01   8.6719063e-01
   1.0905618e-01   5.0965110e-01   8.6800933e-01
   1.0939730e-01   5.1115205e-01   8.6882803e-01
   1.0973843e-01   5.1265299e-01   8.6964673e-01
   1.1007955e-01   5.1415394e-01   8.7046543e-01
   1.1042067e-01   5.1565489e-01   8.7128413e-01
   1.1076180e-01   5.1715584e-01   8.7210283e-01
   1.1110292e-01   5.1865679e-01   8.7292153e-01
   1.1144405e-01   5.2015774e-01   8.7374023e-01
   1.1178517e-01   5.2165868e-01   8.7455893e-01
   1.1212630e-01   5.2315963e-01   8.7537762e-01
   1.1246742e-01   5.2466058e-01   8.7619632e-01
   1.1280855e-01   5.2616153e-01   8.7701502e-01
   1.1314967e-01   5.2766248e-01   8.7783372e-01
   1.1349080e-01   5.2916343e-01   8.7865242e-01
   1.1383192e-01   5.3066437e-01   8.7947112e-01
   1.1417305e-01   5.3216532e-01   8.8028982e-01
   1.1451417e-01   5.3366627e-01   8.8110852e-01
   1.1485529e-01   5.3516722e-01   8.8192722e-01
   1.1519642e-01   5.3666817e-01   8.8274592e-01
   1.1553754e-01   5.3816912e-01   8.8356462e-01
   1.1587867e-01   5.3967006e-01   8.8438331e-01
   1.1621979e-01   5.4117101e-01   8.8520201e-01
   1.1656092e-01   5.4267196e-01   8.8602071e-01
   1.1690204e-01   5.4417291e-01   8.8683941e-01
   1.1724317e-01   5.4567386e-01   8.8765811e-01
   1.1758429e-01   5.4717481e-01   8.8847681e-01
   1.1792542e-01   5.4867575e-01   8.8929551e-01
   1.1826654e-01   5.5017670e-01   8.9011421e-01
   1.1860767e-01   5.5167765e-01   8.9093291e-01
   1.1894879e-01   5.5317860e-01   8.9175161e-01
   1.1928991e-01   5.5467955e-01   8.9257031e-01
   1.1963104e-01   5.5618050e-01   8.9338900e-01
   1.1997216e-01   5.5768144e-01   8.9420770e-01
   1.2031329e-01   5.5918239e-01   8.9502640e-01
   1.2065441e-01   5.6068334e-01   8.9584510e-01
   1.2099554e-01   5.6218429e-01   8.9666380e-01
   1.2133666e-01   5.6368524e-01   8.9748250e-01
   1.2285366e-01   5.6576936e-01   8.9919131e-01
   1.2686939e-01   5.6909272e-01   9.0279163e-01
   1.3088512e-01   5.7241609e-01   9.0639194e-01
   1.3490085e-01   5.7573945e-01   9.0999225e-01
   1.3891658e-01   5.7906281e-01   9.1359256e-01
   1.4293231e-01   5.8238617e-01   9.1719287e-01
   1.4694804e-01   5.8570954e-01   9.2079318e-01
   1.5096378e-01   5.8903290e-01   9.2439349e-01
   1.5497951e-01   5.9235626e-01   9.2799380e-01
   1.5899524e-01   5.9567963e-01   9.3159411e-01
   1.6301097e-01   5.9900299e-01   9.3519442e-01
   1.6702670e-01   6.0232635e-01   9.3879473e-01
   1.7104243e-01   6.0564972e-01   9.4239504e-01
   1.7505816e-01   6.0897308e-01   9.4599535e-01
   1.7907389e-01   6.1229644e-01   9.4959566e-01
   1.8308962e-01   6.1561981e-01   9.5319597e-01
   1.8710535e-01   6.1894317e-01   9.5679628e-01
   1.9112108e-01   6.2226653e-01   9.6039659e-01
   1.9513681e-01   6.2558990e-01   9.6399690e-01
   1.9915254e-01   6.2891326e-01   9.6759721e-01
   2.0316827e-01   6.3223662e-01   9.7119752e-01
   2.0718400e-01   6.3555999e-01   9.7479783e-01
   2.1119973e-01   6.3888335e-01   9.7839814e-01
   2.1521546e-01   6.4220671e-01   9.8199845e-01
   2.1923120e-01   6.4553008e-01   9.8559876e-01
   2.2324693e-01   6.4885344e-01   9.8919907e-01
   2.2726266e-01   6.5217680e-01   9.9279938e-01
   2.3127839e-01   6.5550017e-01   9.9639969e-01
   2.3529412e-01   6.5882353e-01   1.0000000e+00
   2.5215686e-01   6.6732026e-01   1.0000000e+00
   2.6901961e-01   6.7581699e-01   1.0000000e+00
   2.8588235e-01   6.8431373e-01   1.0000000e+00
   3.0274510e-01   6.9281046e-01   1.0000000e+00
   3.1960784e-01   7.0130719e-01   1.0000000e+00
   3.3647059e-01   7.0980392e-01   1.0000000e+00
   3.5333333e-01   7.1830065e-01   1.0000000e+00
   3.7019608e-01   7.2679739e-01   1.0000000e+00
   3.8705882e-01   7.3529412e-01   1.0000000e+00
   4.0392157e-01   7.4379085e-01   1.0000000e+00
   4.2078431e-01   7.5228758e-01   1.0000000e+00
   4.3764706e-01   7.6078431e-01   1.0000000e+00
   4.5450980e-01   7.6928105e-01   1.0000000e+00
   4.7137255e-01   7.7777778e-01   1.0000000e+00
   4.8823529e-01   7.8627451e-01   1.0000000e+00
   5.0509804e-01   7.9477124e-01   1.0000000e+00
   5.2196078e-01   8.0326797e-01   1.0000000e+00
   5.3882353e-01   8.1176471e-01   1.0000000e+00
   5.5568627e-01   8.2026144e-01   1.0000000e+00
   5.7254902e-01   8.2875817e-01   1.0000000e+00
   5.8941176e-01   8.3725490e-01   1.0000000e+00
   6.0627451e-01   8.4575163e-01   1.0000000e+00
   6.2313725e-01   8.5424837e-01   1.0000000e+00
   6.4000000e-01   8.6274510e-01   1.0000000e+00
   6.5686275e-01   8.7124183e-01   1.0000000e+00
   6.7372549e-01   8.7973856e-01   1.0000000e+00
   6.9058824e-01   8.8823529e-01   1.0000000e+00
   7.0745098e-01   8.9673203e-01   1.0000000e+00
   7.2431373e-01   9.0522876e-01   1.0000000e+00
   7.4117647e-01   9.1372549e-01   1.0000000e+00
   4.6074587e-01   8.1376394e-01   9.8500577e-02
   4.6696279e-01   8.1589078e-01   1.0316327e-01
   4.7317971e-01   8.1801762e-01   1.0782596e-01
   4.7939663e-01   8.2014446e-01   1.1248865e-01
   4.8561355e-01   8.2227130e-01   1.1715134e-01
   4.9183047e-01   8.2439814e-01   1.2181403e-01
   4.9804740e-01   8.2652499e-01   1.2647672e-01
   5.0426432e-01   8.2865183e-01   1.3113941e-01
   5.1048124e-01   8.3077867e-01   1.3580211e-01
   5.1669816e-01   8.3290551e-01   1.4046480e-01
   5.2291508e-01   8.3503235e-01   1.4512749e-01
   5.2913200e-01   8.3715919e-01   1.4979018e-01
   5.3534892e-01   8.3928604e-01   1.5445287e-01
   5.4156585e-01   8.4141288e-01   1.5911556e-01
   5.4778277e-01   8.4353972e-01   1.6377825e-01
   5.5399969e-01   8.4566656e-01   1.6844094e-01
   5.6021661e-01   8.4779340e-01   1.7310363e-01
   5.6643353e-01   8.4992024e-01   1.7776633e-01
   5.7265045e-01   8.5204709e-01   1.8242902e-01
   5.7886738e-01   8.5417393e-01   1.8709171e-01
   5.8508430e-01   8.5630077e-01   1.9175440e-01
   5.9130122e-01   8.5842761e-01   1.9641709e-01
   5.9751814e-01   8.6055445e-01   2.0107978e-01
   6.0373506e-01   8.6268129e-01   2.0574247e-01
   6.0995198e-01   8.6480813e-01   2.1040516e-01
   6.1616890e-01   8.6693498e-01   2.1506785e-01
   6.2238583e-01   8.6906182e-01   2.1973055e-01
   6.2860275e-01   8.7118866e-01   2.2439324e-01
   6.3481967e-01   8.7331550e-01   2.2905593e-01
   6.4103659e-01   8.7544234e-01   2.3371862e-01
   6.4725351e-01   8.7756918e-01   2.3838131e-01
   6.5347043e-01   8.7969603e-01   2.4304400e-01
   6.5968735e-01   8.8182287e-01   2.4770669e-01
   6.6590428e-01   8.8394971e-01   2.5236938e-01
   6.7212120e-01   8.8607655e-01   2.5703207e-01
   6.7833812e-01   8.8820339e-01   2.6169477e-01
   6.8455504e-01   8.9033023e-01   2.6635746e-01
   6.9077196e-01   8.9245707e-01   2.7102015e-01
   6.9698888e-01   8.9458392e-01   2.7568284e-01
   7.0320580e-01   8.9671076e-01   2.8034553e-01
   7.0942273e-01   8.9883760e-01   2.8500822e-01
   7.1563965e-01   9.0096444e-01   2.8967091e-01
   7.2185657e-01   9.0309128e-01   2.9433360e-01
   7.2807349e-01   9.0521812e-01   2.9899629e-01
   7.3429041e-01   9.0734497e-01   3.0365899e-01
   7.4050733e-01   9.0947181e-01   3.0832168e-01
   7.4672425e-01   9.1159865e-01   3.1298437e-01
   7.5294118e-01   9.1372549e-01   3.1764706e-01
   7.6477350e-01   9.1785741e-01   3.2647434e-01
   7.7660581e-01   9.2198933e-01   3.3530163e-01
   7.8843813e-01   9.2612125e-01   3.4412892e-01
   8.0027045e-01   9.3025317e-01   3.5295620e-01
   8.1210277e-01   9.3438510e-01   3.6178349e-01
   8.2393509e-01   9.3851702e-01   3.7061077e-01
   8.3576741e-01   9.4264894e-01   3.7943806e-01
   8.4759973e-01   9.4678086e-01   3.8826534e-01
   8.5943205e-01   9.5091278e-01   3.9709263e-01
   8.7126437e-01   9.5504470e-01   4.0591992e-01
   8.8309669e-01   9.5917662e-01   4.1474720e-01
   8.9492901e-01   9.6330854e-01   4.2357449e-01
   9.0676133e-01   9.6744046e-01   4.3240177e-01
   9.1859364e-01   9.7157238e-01   4.4122906e-01
   9.3042596e-01   9.7570430e-01   4.5005634e-01
   9.4225828e-01   9.7983623e-01   4.5888363e-01
   9.5409060e-01   9.8396815e-01   4.6771092e-01
   9.6592292e-01   9.8810007e-01   4.7653820e-01
   9.7775524e-01   9.9223199e-01   4.8536549e-01
   9.8958756e-01   9.9636391e-01   4.9419277e-01
   9.9959432e-01   9.9916160e-01   5.0133874e-01
   9.9621366e-01   9.9217489e-01   4.9615506e-01
   9.9283300e-01   9.8518819e-01   4.9097138e-01
   9.8945233e-01   9.7820149e-01   4.8578769e-01
   9.8607167e-01   9.7121478e-01   4.8060401e-01
   9.8269101e-01   9.6422808e-01   4.7542033e-01
   9.7931034e-01   9.5724138e-01   4.7023665e-01
   9.7592968e-01   9.5025468e-01   4.6505296e-01
   9.7254902e-01   9.4326797e-01   4.5986928e-01
   9.6916836e-01   9.3628127e-01   4.5468560e-01
   9.6578769e-01   9.2929457e-01   4.4950192e-01
   9.6240703e-01   9.2230787e-01   4.4431823e-01
   9.5902637e-01   9.1532116e-01   4.3913455e-01
   9.5564571e-01   9.0833446e-01   4.3395087e-01
   9.5226504e-01   9.0134776e-01   4.2876719e-01
   9.4888438e-01   8.9436105e-01   4.2358350e-01
   9.4550372e-01   8.8737435e-01   4.1839982e-01
   9.4212306e-01   8.8038765e-01   4.1321614e-01
   9.4030716e-01   8.7657684e-01   4.1037380e-01
   9.3909978e-01   8.7400109e-01   4.0844200e-01
   9.3789240e-01   8.7142535e-01   4.0651019e-01
   9.3668502e-01   8.6884961e-01   4.0457838e-01
   9.3547764e-01   8.6627387e-01   4.0264658e-01
   9.3427026e-01   8.6369812e-01   4.0071477e-01
   9.3306288e-01   8.6112238e-01   3.9878296e-01
   9.3185550e-01   8.5854664e-01   3.9685115e-01
   9.3064812e-01   8.5597089e-01   3.9491935e-01
   9.2944074e-01   8.5339515e-01   3.9298754e-01
   9.2823336e-01   8.5081941e-01   3.9105573e-01
   9.2702598e-01   8.4824367e-01   3.8912393e-01
   9.2581860e-01   8.4566792e-01   3.8719212e-01
   9.2461122e-01   8.4309218e-01   3.8526031e-01
   9.2340384e-01   8.4051644e-01   3.8332850e-01
   9.2219646e-01   8.3794069e-01   3.8139670e-01
   9.2098909e-01   8.3536495e-01   3.7946489e-01
   9.1978171e-01   8.3278921e-01   3.7753308e-01
   9.1857433e-01   8.3021346e-01   3.7560127e-01
   9.1736695e-01   8.2763772e-01   3.7366947e-01
   9.1615957e-01   8.2506198e-01   3.7173766e-01
   9.1495219e-01   8.2248624e-01   3.6980585e-01
   9.1374481e-01   8.1991049e-01   3.6787405e-01
   9.1253743e-01   8.1733475e-01   3.6594224e-01
   9.1133005e-01   8.1475901e-01   3.6401043e-01
   9.1012267e-01   8.1218326e-01   3.6207862e-01
   9.0891529e-01   8.0960752e-01   3.6014682e-01
   9.0770791e-01   8.0703178e-01   3.5821501e-01
   9.0650053e-01   8.0445604e-01   3.5628320e-01
   9.0529315e-01   8.0188029e-01   3.5435140e-01
   9.0408577e-01   7.9930455e-01   3.5241959e-01
   9.0287839e-01   7.9672881e-01   3.5048778e-01
   9.0167101e-01   7.9415306e-01   3.4855597e-01
   9.0046363e-01   7.9157732e-01   3.4662417e-01
   8.9925625e-01   7.8900158e-01   3.4469236e-01
   8.9804887e-01   7.8642583e-01   3.4276055e-01
   8.9684150e-01   7.8385009e-01   3.4082875e-01
   8.9563412e-01   7.8127435e-01   3.3889694e-01
   8.9442674e-01   7.7869861e-01   3.3696513e-01
   8.9321936e-01   7.7612286e-01   3.3503332e-01
   8.9201198e-01   7.7354712e-01   3.3310152e-01
   8.9080460e-01   7.7097138e-01   3.3116971e-01
   8.8959722e-01   7.6839563e-01   3.2923790e-01
   8.8838984e-01   7.6581989e-01   3.2730609e-01
   8.8718246e-01   7.6324415e-01   3.2537429e-01
   8.8597508e-01   7.6066841e-01   3.2344248e-01
   8.8476770e-01   7.5809266e-01   3.2151067e-01
   8.8356032e-01   7.5551692e-01   3.1957887e-01
   8.8235294e-01   7.5294118e-01   3.1764706e-01
   8.8058912e-01   7.4784569e-01   3.1411941e-01
   8.7882529e-01   7.4275019e-01   3.1059176e-01
   8.7706147e-01   7.3765470e-01   3.0706412e-01
   8.7529765e-01   7.3255921e-01   3.0353647e-01
   8.7353382e-01   7.2746372e-01   3.0000882e-01
   8.7177000e-01   7.2236823e-01   2.9648117e-01
   8.7000617e-01   7.1727274e-01   2.9295352e-01
   8.6824235e-01   7.1217724e-01   2.8942588e-01
   8.6647853e-01   7.0708175e-01   2.8589823e-01
   8.6471470e-01   7.0198626e-01   2.8237058e-01
   8.6295088e-01   6.9689077e-01   2.7884293e-01
   8.6118705e-01   6.9179528e-01   2.7531528e-01
   8.5942323e-01   6.8669979e-01   2.7178764e-01
   8.5765941e-01   6.8160430e-01   2.6825999e-01
   8.5589558e-01   6.7650880e-01   2.6473234e-01
   8.5413176e-01   6.7141331e-01   2.6120469e-01
   8.5236793e-01   6.6631782e-01   2.5767704e-01
   8.5060411e-01   6.6122233e-01   2.5414940e-01
   8.4884029e-01   6.5612684e-01   2.5062175e-01
   8.4707646e-01   6.5103135e-01   2.4709410e-01
   8.4531264e-01   6.4593586e-01   2.4356645e-01
   8.4354881e-01   6.4084036e-01   2.4003880e-01
   8.4178499e-01   6.3574487e-01   2.3651116e-01
   8.4002117e-01   6.3064938e-01   2.3298351e-01
   8.3825734e-01   6.2555389e-01   2.2945586e-01
   8.3649352e-01   6.2045840e-01   2.2592821e-01
   8.3472969e-01   6.1536291e-01   2.2240056e-01
   8.3296587e-01   6.1026742e-01   2.1887292e-01
   8.3120205e-01   6.0517192e-01   2.1534527e-01
   8.2943822e-01   6.0007643e-01   2.1181762e-01
   8.2767440e-01   5.9498094e-01   2.0828997e-01
   8.2591057e-01   5.8988545e-01   2.0476232e-01
   8.2414675e-01   5.8478996e-01   2.0123468e-01
   8.2238293e-01   5.7969447e-01   1.9770703e-01
   8.2061910e-01   5.7459898e-01   1.9417938e-01
   8.1885528e-01   5.6950348e-01   1.9065173e-01
   8.1709145e-01   5.6440799e-01   1.8712409e-01
   8.1532763e-01   5.5931250e-01   1.8359644e-01
   8.1356381e-01   5.5421701e-01   1.8006879e-01
   8.1179998e-01   5.4912152e-01   1.7654114e-01
   8.1045470e-01   5.4508960e-01   1.7371269e-01
   8.0911796e-01   5.4107938e-01   1.7089850e-01
   8.0778123e-01   5.3706917e-01   1.6808431e-01
   8.0644449e-01   5.3305895e-01   1.6527013e-01
   8.0510775e-01   5.2904873e-01   1.6245594e-01
   8.0377101e-01   5.2503852e-01   1.5964175e-01
   8.0243427e-01   5.2102830e-01   1.5682757e-01
   8.0109753e-01   5.1701809e-01   1.5401338e-01
   7.9976079e-01   5.1300787e-01   1.5119920e-01
   7.9842406e-01   5.0899766e-01   1.4838501e-01
   7.9708732e-01   5.0498744e-01   1.4557082e-01
   7.9575058e-01   5.0097723e-01   1.4275664e-01
   7.9441384e-01   4.9696701e-01   1.3994245e-01
   7.9307710e-01   4.9295680e-01   1.3712826e-01
   7.9174036e-01   4.8894658e-01   1.3431408e-01
   7.9040362e-01   4.8493636e-01   1.3149989e-01
   7.8906689e-01   4.8092615e-01   1.2868570e-01
   7.8773015e-01   4.7691593e-01   1.2587152e-01
   7.8639341e-01   4.7290572e-01   1.2305733e-01
   7.8505667e-01   4.6889550e-01   1.2024315e-01
   7.8371993e-01   4.6488529e-01   1.1742896e-01
   7.8238319e-01   4.6087507e-01   1.1461477e-01
   7.8104646e-01   4.5686486e-01   1.1180059e-01
   7.7970972e-01   4.5285464e-01   1.0898640e-01
   7.7837298e-01   4.4884442e-01   1.0617221e-01
   7.7703624e-01   4.4483421e-01   1.0335803e-01
   7.7569950e-01   4.4082399e-01   1.0054384e-01
   7.7436276e-01   4.3681378e-01   9.7729655e-02
   7.7302602e-01   4.3280356e-01   9.4915469e-02
   7.7168929e-01   4.2879335e-01   9.2101283e-02
   7.7035255e-01   4.2478313e-01   8.9287096e-02
   7.6901581e-01   4.2077292e-01   8.6472910e-02
   7.6767907e-01   4.1676270e-01   8.3658724e-02
   7.6634233e-01   4.1275249e-01   8.0844537e-02
   7.6500559e-01   4.0874227e-01   7.8030351e-02
   7.6366885e-01   4.0473205e-01   7.5216165e-02
   7.6233212e-01   4.0072184e-01   7.2401978e-02
   7.6099538e-01   3.9671162e-01   6.9587792e-02
   7.5965864e-01   3.9270141e-01   6.6773606e-02
   7.5832190e-01   3.8869119e-01   6.3959419e-02
   7.5698516e-01   3.8468098e-01   6.1145233e-02
   7.5564842e-01   3.8067076e-01   5.8331047e-02
   7.5431169e-01   3.7666055e-01   5.5516860e-02
   7.5297495e-01   3.7265033e-01   5.2702674e-02
   7.5163821e-01   3.6864011e-01   4.9888488e-02
   7.5030147e-01   3.6462990e-01   4.7074302e-02
   7.4896473e-01   3.6061968e-01   4.4260115e-02
   7.4762799e-01   3.5660947e-01   4.1445929e-02
   7.4629125e-01   3.5259925e-01   3.8631743e-02
   7.4495452e-01   3.4858904e-01   3.5817556e-02
   7.4361778e-01   3.4457882e-01   3.3003370e-02
   7.4228104e-01   3.4056861e-01   3.0189184e-02
   7.4094430e-01   3.3655839e-01   2.7374997e-02
   7.3960756e-01   3.3254818e-01   2.4560811e-02
   7.3827082e-01   3.2853796e-01   2.1746625e-02
   7.3827082e-01   3.2853796e-01   2.1746625e-02
   7.3827082e-01   3.2853796e-01   2.1746625e-02
   7.3827082e-01   3.2853796e-01   2.1746625e-02
   7.3827082e-01   3.2853796e-01   2.1746625e-02
   7.3827082e-01   3.2853796e-01   2.1746625e-02
   7.3827082e-01   3.2853796e-01   2.1746625e-02
   7.3827082e-01   3.2853796e-01   2.1746625e-02
   7.3827082e-01   3.2853796e-01   2.1746625e-02
   7.3827082e-01   3.2853796e-01   2.1746625e-02
   7.3827082e-01   3.2853796e-01   2.1746625e-02
   7.3827082e-01   3.2853796e-01   2.1746625e-02
   7.3827082e-01   3.2853796e-01   2.1746625e-02
   7.3827082e-01   3.2853796e-01   2.1746625e-02
   7.3827082e-01   3.2853796e-01   2.1746625e-02
   7.3827082e-01   3.2853796e-01   2.1746625e-02
   7.3827082e-01   3.2853796e-01   2.1746625e-02
   7.3827082e-01   3.2853796e-01   2.1746625e-02
   7.3827082e-01   3.2853796e-01   2.1746625e-02
   7.3827082e-01   3.2853796e-01   2.1746625e-02
   7.3827082e-01   3.2853796e-01   2.1746625e-02
   7.3827082e-01   3.2853796e-01   2.1746625e-02
   7.3827082e-01   3.2853796e-01   2.1746625e-02
   7.3827082e-01   3.2853796e-01   2.1746625e-02
   7.3827082e-01   3.2853796e-01   2.1746625e-02
   7.3827082e-01   3.2853796e-01   2.1746625e-02
   7.3827082e-01   3.2853796e-01   2.1746625e-02
   7.3827082e-01   3.2853796e-01   2.1746625e-02
   7.3827082e-01   3.2853796e-01   2.1746625e-02
   7.3827082e-01   3.2853796e-01   2.1746625e-02
   7.3827082e-01   3.2853796e-01   2.1746625e-02
   7.3827082e-01   3.2853796e-01   2.1746625e-02
   7.3827082e-01   3.2853796e-01   2.1746625e-02
   7.3827082e-01   3.2853796e-01   2.1746625e-02
   7.3827082e-01   3.2853796e-01   2.1746625e-02
   7.3827082e-01   3.2853796e-01   2.1746625e-02
   7.3827082e-01   3.2853796e-01   2.1746625e-02
   7.3827082e-01   3.2853796e-01   2.1746625e-02
   7.3827082e-01   3.2853796e-01   2.1746625e-02
   7.3827082e-01   3.2853796e-01   2.1746625e-02
   7.3827082e-01   3.2853796e-01   2.1746625e-02
   7.3827082e-01   3.2853796e-01   2.1746625e-02
   7.3827082e-01   3.2853796e-01   2.1746625e-02
   7.3827082e-01   3.2853796e-01   2.1746625e-02
   7.3827082e-01   3.2853796e-01   2.1746625e-02
   7.3827082e-01   3.2853796e-01   2.1746625e-02
   7.3827082e-01   3.2853796e-01   2.1746625e-02
   7.3827082e-01   3.2853796e-01   2.1746625e-02
   7.3827082e-01   3.2853796e-01   2.1746625e-02
   7.3827082e-01   3.2853796e-01   2.1746625e-02
   7.3827082e-01   3.2853796e-01   2.1746625e-02
   7.3827082e-01   3.2853796e-01   2.1746625e-02
   7.3827082e-01   3.2853796e-01   2.1746625e-02
   7.3827082e-01   3.2853796e-01   2.1746625e-02
   7.3827082e-01   3.2853796e-01   2.1746625e-02
   7.3827082e-01   3.2853796e-01   2.1746625e-02
   7.3827082e-01   3.2853796e-01   2.1746625e-02
   7.3827082e-01   3.2853796e-01   2.1746625e-02
   7.3827082e-01   3.2853796e-01   2.1746625e-02
   7.3827082e-01   3.2853796e-01   2.1746625e-02
   7.3827082e-01   3.2853796e-01   2.1746625e-02
   7.3827082e-01   3.2853796e-01   2.1746625e-02
   7.3827082e-01   3.2853796e-01   2.1746625e-02
   7.3827082e-01   3.2853796e-01   2.1746625e-02
   7.3827082e-01   3.2853796e-01   2.1746625e-02
   7.3827082e-01   3.2853796e-01   2.1746625e-02
   7.3827082e-01   3.2853796e-01   2.1746625e-02
   7.3827082e-01   3.2853796e-01   2.1746625e-02
   7.3827082e-01   3.2853796e-01   2.1746625e-02
   7.3827082e-01   3.2853796e-01   2.1746625e-02
