 
200904010000	0.55	13.33	210	8.35	0.0003	0.0182	243
200904010100	0.57	13.33	209	7.39	-0.0002	0.0187	245
200904010200	0.61	13.33	209	6.46	-0.0006	0.0199	246
200904010300	0.64	13.33	208	6.04	-0.0007	0.0212	246
200904010400	0.68	13.33	208	5.87	-0.0012	0.0234	247
200904010500	0.69	13.33	209	5.64	-0.0021	0.0233	250
200904010600	0.68	13.33	212	5.41	-0.0025	0.0212	251
200904010700	0.64	12.50	211	5.32	-0.0023	0.0189	252
200904010800	0.62	12.50	210	5.47	-0.0018	0.0178	250
200904010900	0.62	12.50	211	5.65	-0.0016	0.0182	250
200904011000	0.60	12.50	212	5.62	-0.0012	0.0174	248
200904011100	0.60	12.50	214	5.57	-0.0013	0.0172	249
200904011200	0.62	12.50	212	5.66	-0.0012	0.0188	248
200904011300	0.66	12.50	213	5.66	-0.0017	0.0212	249
200904011400	0.73	12.50	211	5.81	-0.0029	0.0270	251
200904011500	0.80	9.09	257	5.87	-0.0045	0.0328	253
200904011600	0.84	9.09	258	5.88	-0.0056	0.0365	254
200904011700	0.86	9.09	258	5.88	-0.0059	0.0379	254
200904011800	0.89	9.87	256	6.06	-0.0066	0.0413	255
200904011900	0.93	9.87	257	6.39	-0.0081	0.0470	256
200904012000	0.96	9.87	258	6.86	-0.0093	0.0530	256
200904012100	0.95	9.87	258	7.25	-0.0094	0.0549	256
200904012200	0.92	9.87	258	7.45	-0.0085	0.0518	256
200904012300	0.86	9.87	258	7.42	-0.0071	0.0452	255
200904020000	0.80	9.87	257	7.31	-0.0056	0.0386	254
200904020100	0.78	9.87	255	7.15	-0.0048	0.0368	253
200904020200	0.77	11.76	242	6.65	-0.0040	0.0335	252
200904020300	0.78	11.76	240	6.22	-0.0040	0.0326	252
200904020400	0.79	11.76	236	6.01	-0.0041	0.0320	253
200904020500	0.77	11.76	234	5.97	-0.0038	0.0307	252
200904020600	0.73	11.76	235	5.98	-0.0031	0.0275	251
200904020700	0.70	11.76	238	6.12	-0.0028	0.0256	251
200904020800	0.69	11.76	239	6.37	-0.0028	0.0258	251
200904020900	0.68	11.76	239	6.67	-0.0028	0.0262	251
200904021000	0.71	18.18	235	7.02	-0.0033	0.0287	252
200904021100	0.72	16.67	228	7.30	-0.0039	0.0306	253
200904021200	0.74	10.53	256	7.50	-0.0045	0.0327	254
200904021300	0.75	16.67	233	7.59	-0.0047	0.0340	254
200904021400	0.79	16.67	235	7.65	-0.0054	0.0376	254
200904021500	0.82	16.67	234	7.62	-0.0063	0.0409	255
200904021600	0.86	16.67	234	7.65	-0.0073	0.0446	256
200904021700	0.90	9.87	259	7.73	-0.0087	0.0495	257
200904021800	0.95	9.87	259	7.82	-0.0103	0.0554	258
200904021900	0.96	9.87	259	7.84	-0.0106	0.0559	258
200904022000	0.93	10.53	257	7.79	-0.0100	0.0525	258
200904022100	0.89	10.53	257	7.63	-0.0085	0.0474	257
200904022200	0.85	10.53	258	7.24	-0.0072	0.0424	256
200904022300	0.85	10.53	258	6.82	-0.0068	0.0406	256
200904030000	0.85	15.38	229	6.55	-0.0068	0.0404	256
200904030100	0.86	9.87	259	6.47	-0.0066	0.0414	255
200904030200	0.86	15.38	233	6.42	-0.0065	0.0409	255
200904030300	0.90	15.38	234	6.48	-0.0076	0.0446	256
200904030400	0.96	15.38	233	6.54	-0.0089	0.0510	256
200904030500	1.02	15.38	232	6.50	-0.0096	0.0575	256
200904030600	1.08	8.33	262	6.49	-0.0106	0.0642	255
200904030700	1.13	8.33	263	6.54	-0.0118	0.0706	256
200904030800	1.18	8.33	263	6.70	-0.0135	0.0779	256
200904030900	1.21	8.33	263	6.79	-0.0148	0.0832	257
200904031000	1.20	9.09	260	6.78	-0.0148	0.0827	257
200904031100	1.18	9.09	260	6.72	-0.0142	0.0806	257
200904031200	1.16	9.09	259	6.62	-0.0132	0.0765	256
200904031300	1.16	9.09	259	6.58	-0.0129	0.0765	256
200904031400	1.19	8.33	260	6.60	-0.0136	0.0809	256
200904031500	1.31	9.09	258	6.66	-0.0175	0.0993	257
200904031600	1.46	9.09	258	6.75	-0.0227	0.1234	257
200904031700	1.53	9.09	258	6.83	-0.0255	0.1364	258
200904031800	1.53	9.09	258	6.87	-0.0260	0.1377	258
200904031900	1.51	9.09	259	6.80	-0.0256	0.1331	258
200904032000	1.54	9.87	258	6.65	-0.0269	0.1356	258
200904032100	1.59	9.87	259	6.57	-0.0287	0.1415	259
200904032200	1.68	9.87	259	6.53	-0.0332	0.1571	259
200904032300	1.77	6.67	265	6.56	-0.0377	0.1734	260
200904040000	1.92	7.14	264	6.66	-0.0467	0.2057	260
200904040100	1.99	7.14	266	6.79	-0.0518	0.2229	261
200904040200	1.95	7.14	266	6.80	-0.0501	0.2143	261
200904040300	1.84	7.69	263	6.77	-0.0427	0.1904	260
200904040400	1.75	6.67	266	6.72	-0.0364	0.1733	259
200904040500	1.74	7.69	260	6.77	-0.0346	0.1736	258
200904040600	1.69	6.67	263	6.86	-0.0314	0.1649	258
200904040700	1.61	10.53	253	6.96	-0.0275	0.1530	257
200904040800	1.58	10.53	253	7.13	-0.0265	0.1495	257
200904040900	1.58	11.11	256	7.34	-0.0270	0.1532	257
200904041000	1.59	9.87	259	7.54	-0.0283	0.1592	257
200904041100	1.57	11.11	257	7.67	-0.0276	0.1571	257
200904041200	1.59	11.11	258	7.83	-0.0292	0.1640	258
200904041300	1.61	11.11	258	7.96	-0.0307	0.1690	258
200904041400	1.59	10.53	258	7.99	-0.0304	0.1651	258
200904041500	1.51	10.53	257	7.92	-0.0272	0.1476	258
200904041600	1.42	11.11	258	7.88	-0.0237	0.1289	258
200904041700	1.36	11.11	258	7.85	-0.0216	0.1171	258
200904041800	1.28	11.11	258	7.76	-0.0191	0.1033	258
200904041900	1.21	11.11	257	7.66	-0.0171	0.0912	258
200904042000	1.17	11.11	257	7.72	-0.0160	0.0849	258
200904042100	1.16	11.11	257	7.78	-0.0162	0.0842	258
200904042200	1.12	10.53	258	7.79	-0.0145	0.0776	258
200904042300	1.10	10.53	258	7.82	-0.0137	0.0750	257
200904050000	1.07	11.11	257	7.84	-0.0126	0.0705	257
200904050100	1.06	11.11	258	7.85	-0.0123	0.0687	257
200904050200	1.05	11.11	258	8.01	-0.0118	0.0690	256
200904050300	1.04	11.11	258	8.17	-0.0108	0.0682	256
200904050400	1.02	10.53	257	8.30	-0.0099	0.0670	255
200904050500	1.01	10.53	256	8.36	-0.0095	0.0660	255
200904050600	1.00	9.87	259	8.43	-0.0092	0.0655	254
200904050700	1.02	9.87	259	8.58	-0.0096	0.0698	254
200904050800	1.08	9.87	259	8.79	-0.0107	0.0794	254
200904050900	1.10	9.87	259	8.89	-0.0108	0.0821	254
200904051000	1.06	9.87	259	8.89	-0.0100	0.0771	254
200904051100	1.00	9.87	258	8.76	-0.0085	0.0669	253
200904051200	1.00	9.09	259	8.73	-0.0086	0.0663	254
200904051300	0.97	10.53	257	8.77	-0.0084	0.0631	254
200904051400	0.96	10.53	257	8.85	-0.0079	0.0610	254
200904051500	0.91	10.53	257	9.06	-0.0066	0.0554	253
200904051600	0.89	9.87	259	9.27	-0.0060	0.0534	252
200904051700	0.88	11.11	257	9.56	-0.0056	0.0530	252
200904051800	0.90	11.11	258	9.58	-0.0063	0.0562	252
200904051900	0.90	11.11	258	9.44	-0.0062	0.0548	252
200904052000	0.85	11.11	258	9.17	-0.0051	0.0489	252
200904052100	0.83	11.11	258	8.94	-0.0041	0.0455	250
200904052200	0.84	11.11	258	9.00	-0.0035	0.0467	249
200904052300	0.83	11.11	258	8.97	-0.0030	0.0456	249
200904060000	0.83	10.53	258	9.12	-0.0033	0.0464	249
200904060100	0.83	10.53	258	9.29	-0.0036	0.0463	250
200904060200	0.80	11.11	257	9.65	-0.0031	0.0439	249
200904060300	0.78	11.11	258	9.90	-0.0026	0.0420	249
200904060400	0.76	11.11	258	10.18	-0.0015	0.0395	247
200904060500	0.72	11.11	257	10.27	-0.0007	0.0355	245
200904060600	0.67	15.38	205	10.39	0.0002	0.0305	244
200904060700	0.65	10.53	258	10.27	-0.0003	0.0285	245
200904060800	0.67	10.53	257	10.33	-0.0008	0.0302	246
200904060900	0.67	10.53	257	10.41	-0.0004	0.0301	245
200904061000	0.64	10.53	257	10.50	0.0007	0.0277	242
200904061100	0.63	15.38	205	10.58	0.0011	0.0263	241
200904061200	0.62	15.38	206	10.70	0.0014	0.0256	240
200904061300	0.60	14.29	207	10.84	0.0014	0.0244	240
200904061400	0.59	14.29	207	11.00	0.0020	0.0229	238
200904061500	0.57	15.38	207	11.03	0.0022	0.0215	237
200904061600	0.58	15.38	207	11.04	0.0026	0.0221	236
200904061700	0.60	15.38	207	10.90	0.0027	0.0239	236
200904061800	0.61	14.29	209	10.71	0.0028	0.0248	236
200904061900	0.62	15.38	211	10.39	0.0029	0.0250	236
200904062000	0.62	15.38	211	10.10	0.0034	0.0250	235
200904062100	0.63	15.38	212	9.90	0.0036	0.0255	234
200904062200	0.63	15.38	214	9.83	0.0035	0.0254	234
200904062300	0.63	15.38	215	9.77	0.0031	0.0261	236
200904070000	0.64	15.38	216	9.44	0.0027	0.0265	237
200904070100	0.66	15.38	216	9.20	0.0024	0.0282	238
200904070200	0.68	15.38	216	9.31	0.0025	0.0305	238
200904070300	0.72	15.38	216	9.44	0.0025	0.0341	239
200904070400	0.74	14.29	220	9.41	0.0020	0.0361	240
200904070500	0.75	14.29	226	9.47	0.0013	0.0376	241
200904070600	0.75	14.29	228	9.76	0.0012	0.0387	242
200904070700	0.73	14.29	225	10.01	0.0015	0.0368	241
200904070800	0.73	14.29	223	10.41	0.0018	0.0365	240
200904070900	0.73	13.33	240	10.80	0.0021	0.0371	240
200904071000	0.77	13.33	237	11.14	0.0022	0.0419	240
200904071100	0.80	13.33	235	11.22	0.0018	0.0458	241
200904071200	0.83	13.33	235	11.25	0.0009	0.0504	243
200904071300	0.85	12.50	246	11.31	0.0002	0.0530	244
200904071400	0.87	13.33	239	11.43	0.0001	0.0550	244
200904071500	0.85	13.33	237	11.49	0.0003	0.0530	244
200904071600	0.85	13.33	237	11.54	0.0002	0.0524	244
200904071700	0.84	13.33	237	11.48	0.0003	0.0517	244
200904071800	0.85	13.33	235	11.44	0.0003	0.0518	244
200904071900	0.85	14.29	221	11.47	0.0003	0.0523	244
200904072000	0.84	13.33	230	11.44	-0.0000	0.0508	244
200904072100	0.84	12.50	243	11.21	-0.0005	0.0508	245
200904072200	0.83	12.50	243	11.00	-0.0007	0.0498	245
200904072300	0.82	13.33	243	10.78	-0.0009	0.0485	245
200904080000	0.83	13.33	242	10.61	-0.0007	0.0491	245
200904080100	0.84	13.33	238	10.29	-0.0004	0.0498	245
200904080200	0.86	13.33	235	10.13	-0.0002	0.0509	244
200904080300	0.87	11.11	257	10.01	-0.0012	0.0526	246
200904080400	0.88	12.50	241	10.10	-0.0018	0.0537	246
200904080500	0.89	12.50	245	10.21	-0.0023	0.0563	247
200904080600	0.89	12.50	246	10.24	-0.0022	0.0558	247
200904080700	0.86	13.33	235	10.19	-0.0017	0.0517	246
200904080800	0.83	12.50	245	10.13	-0.0018	0.0477	247
200904080900	0.81	12.50	243	9.98	-0.0019	0.0459	247
200904081000	0.85	12.50	243	9.55	-0.0028	0.0506	248
200904081100	0.89	11.11	252	9.10	-0.0036	0.0545	249
200904081200	0.92	11.11	254	8.90	-0.0044	0.0577	250
200904081300	0.92	11.11	256	8.89	-0.0048	0.0582	250
200904081400	0.91	11.11	257	8.88	-0.0050	0.0561	251
200904081500	0.92	11.11	258	8.78	-0.0058	0.0572	252
200904081600	0.91	11.11	257	8.46	-0.0059	0.0553	252
200904081700	0.89	10.53	257	8.00	-0.0052	0.0514	251
200904081800	0.89	10.53	257	7.65	-0.0053	0.0504	252
200904081900	0.88	11.11	256	7.24	-0.0055	0.0475	252
200904082000	0.88	11.11	256	6.90	-0.0055	0.0458	252
200904082100	0.89	11.11	256	6.58	-0.0055	0.0453	252
200904082200	0.92	11.11	256	6.30	-0.0062	0.0465	253
200904082300	0.96	11.11	255	6.00	-0.0070	0.0477	254
200904090000	1.00	10.53	256	5.78	-0.0084	0.0496	255
200904090100	1.08	10.53	257	5.74	-0.0107	0.0562	256
200904090200	1.19	5.88	271	5.82	-0.0147	0.0680	258
200904090300	1.23	5.88	271	5.88	-0.0165	0.0727	259
200904090400	1.22	5.88	271	5.92	-0.0164	0.0725	259
200904090500	1.20	5.88	273	5.96	-0.0160	0.0696	259
200904090600	1.18	5.88	272	5.95	-0.0157	0.0678	259
200904090700	1.18	5.56	272	5.94	-0.0154	0.0672	259
200904090800	1.13	5.56	271	5.87	-0.0130	0.0622	258
200904090900	1.08	5.56	269	5.89	-0.0103	0.0570	256
200904091000	1.02	10.53	254	5.97	-0.0082	0.0525	254
200904091100	0.97	9.87	257	6.06	-0.0066	0.0487	253
200904091200	0.94	9.87	257	6.17	-0.0056	0.0468	252
200904091300	0.92	9.87	258	6.27	-0.0052	0.0458	252
200904091400	0.93	9.87	258	6.36	-0.0053	0.0474	252
200904091500	0.92	9.87	258	6.31	-0.0055	0.0464	252
200904091600	0.90	16.67	229	6.36	-0.0048	0.0441	251
200904091700	0.88	16.67	230	6.64	-0.0037	0.0429	250
200904091800	0.84	16.67	231	7.07	-0.0025	0.0413	248
200904091900	0.82	16.67	232	7.59	-0.0018	0.0411	247
200904092000	0.78	16.67	230	7.67	-0.0012	0.0366	246
200904092100	0.74	16.67	229	7.61	-0.0008	0.0334	246
200904092200	0.71	16.67	226	6.95	-0.0005	0.0290	245
200904092300	0.73	16.67	226	6.30	-0.0008	0.0292	246
200904100000	0.76	16.67	225	5.90	-0.0011	0.0295	246
200904100100	0.80	16.67	225	5.77	-0.0012	0.0314	246
200904100200	0.84	16.67	224	5.85	-0.0014	0.0343	247
200904100300	0.88	16.67	223	5.93	-0.0017	0.0375	247
200904100400	0.91	16.67	225	6.05	-0.0023	0.0411	247
200904100500	0.93	16.67	225	6.11	-0.0027	0.0424	248
200904100600	0.93	16.67	226	6.14	-0.0032	0.0430	249
200904100700	0.93	16.67	226	6.13	-0.0034	0.0423	249
200904100800	0.91	15.38	228	6.22	-0.0029	0.0414	248
200904100900	0.87	15.38	229	6.55	-0.0014	0.0405	246
200904101000	0.82	15.38	224	6.92	0.0004	0.0366	243
200904101100	0.79	15.38	222	7.59	0.0019	0.0361	241
200904101200	0.77	15.38	221	8.13	0.0026	0.0355	239
200904101300	0.75	15.38	222	8.49	0.0026	0.0349	239
200904101400	0.73	15.38	225	8.79	0.0026	0.0340	239
200904101500	0.72	15.38	226	9.15	0.0024	0.0334	239
200904101600	0.72	15.38	228	9.81	0.0024	0.0340	239
200904101700	0.70	15.38	226	10.10	0.0025	0.0322	239
200904101800	0.67	15.38	220	10.18	0.0030	0.0294	237
200904101900	0.65	15.38	215	10.23	0.0038	0.0274	235
200904102000	0.64	15.38	215	10.30	0.0041	0.0262	233
200904102100	0.62	15.38	218	10.23	0.0039	0.0248	233
200904102200	0.61	15.38	221	9.61	0.0033	0.0237	234
200904102300	0.60	15.38	222	8.44	0.0026	0.0227	236
200904110000	0.62	15.38	220	7.49	0.0022	0.0225	237
200904110100	0.66	15.38	221	6.59	0.0012	0.0240	241
200904110200	0.80	15.38	221	5.99	-0.0012	0.0323	246
200904110300	1.01	15.38	222	5.86	-0.0062	0.0499	252
200904110400	1.23	6.67	263	6.02	-0.0132	0.0767	255
200904110500	1.40	6.67	264	6.18	-0.0194	0.1012	257
200904110600	1.45	6.67	264	6.30	-0.0216	0.1103	257
200904110700	1.54	6.67	264	6.41	-0.0257	0.1271	258
200904110800	1.61	8.33	260	6.55	-0.0284	0.1424	258
200904110900	1.64	9.09	258	6.74	-0.0298	0.1535	258
200904111000	1.63	9.09	258	6.84	-0.0295	0.1540	258
200904111100	1.65	9.09	258	6.91	-0.0301	0.1576	258
200904111200	1.68	9.09	258	6.88	-0.0314	0.1630	258
200904111300	1.73	9.09	258	6.93	-0.0333	0.1734	258
200904111400	1.71	9.09	258	6.97	-0.0328	0.1709	258
200904111500	1.65	9.09	258	6.89	-0.0297	0.1576	258
200904111600	1.56	9.09	258	6.77	-0.0260	0.1391	257
200904111700	1.55	9.09	258	6.71	-0.0250	0.1351	257
200904111800	1.57	9.09	259	6.71	-0.0261	0.1396	257
200904111900	1.57	9.09	259	6.79	-0.0262	0.1416	257
200904112000	1.54	9.09	259	6.81	-0.0253	0.1356	257
200904112100	1.50	9.09	259	6.77	-0.0245	0.1291	258
200904112200	1.49	9.09	259	6.68	-0.0240	0.1254	258
200904112300	1.51	9.09	259	6.60	-0.0250	0.1268	258
200904120000	1.54	9.09	259	6.53	-0.0269	0.1313	258
200904120100	1.58	9.09	259	6.49	-0.0289	0.1371	259
200904120200	1.57	5.88	268	6.38	-0.0286	0.1317	259
200904120300	1.50	6.67	265	6.32	-0.0262	0.1200	259
200904120400	1.43	8.33	262	6.30	-0.0236	0.1089	259
200904120500	1.35	8.33	262	6.37	-0.0204	0.0986	259
200904120600	1.28	8.33	261	6.46	-0.0172	0.0904	257
200904120700	1.17	9.09	259	6.44	-0.0132	0.0759	256
200904120800	1.06	8.33	259	6.45	-0.0095	0.0632	255
200904120900	0.97	8.33	259	6.67	-0.0072	0.0546	253
200904121000	0.91	8.33	258	7.08	-0.0056	0.0498	252
200904121100	0.93	7.69	259	7.39	-0.0058	0.0530	252
200904121200	0.92	7.69	259	7.48	-0.0057	0.0523	252
200904121300	0.91	8.33	259	7.49	-0.0057	0.0506	252
200904121400	0.86	8.33	260	7.47	-0.0052	0.0454	252
200904121500	0.84	8.33	260	7.45	-0.0048	0.0428	252
200904121600	0.83	13.33	229	7.51	-0.0044	0.0416	252
200904121700	0.80	13.33	230	7.51	-0.0042	0.0384	252
200904121800	0.78	13.33	233	7.38	-0.0044	0.0361	253
200904121900	0.79	13.33	233	7.26	-0.0050	0.0357	254
200904122000	0.78	13.33	233	7.12	-0.0050	0.0344	254
200904122100	0.77	13.33	229	7.05	-0.0046	0.0335	253
200904122200	0.77	13.33	230	6.93	-0.0044	0.0329	253
200904122300	0.76	13.33	228	6.83	-0.0040	0.0325	252
200904130000	0.75	13.33	230	6.65	-0.0037	0.0316	252
200904130100	0.76	13.33	229	6.42	-0.0037	0.0315	252
200904130200	0.76	12.50	239	6.17	-0.0035	0.0312	251
200904130300	0.79	12.50	238	6.08	-0.0034	0.0329	251
200904130400	0.82	7.14	262	6.04	-0.0035	0.0355	251
200904130500	0.86	7.14	262	6.07	-0.0040	0.0393	251
200904130600	0.90	7.69	262	6.19	-0.0046	0.0430	251
200904130700	0.91	7.69	262	6.48	-0.0046	0.0454	251
200904130800	0.91	7.69	262	6.84	-0.0041	0.0469	250
200904130900	0.90	16.67	208	7.11	-0.0035	0.0461	249
200904131000	0.90	16.67	208	7.28	-0.0035	0.0475	249
200904131100	0.90	16.67	209	7.39	-0.0037	0.0477	249
200904131200	0.91	16.67	209	7.50	-0.0033	0.0485	249
200904131300	0.92	16.67	210	7.58	-0.0033	0.0492	249
200904131400	0.91	16.67	210	7.77	-0.0028	0.0488	248
200904131500	0.91	16.67	210	7.93	-0.0027	0.0492	248
200904131600	0.90	16.67	210	8.11	-0.0021	0.0484	247
200904131700	0.90	16.67	211	8.24	-0.0020	0.0492	247
200904131800	0.91	16.67	211	8.26	-0.0023	0.0495	247
200904131900	0.94	16.67	211	8.18	-0.0035	0.0531	248
200904132000	0.99	16.67	212	8.15	-0.0048	0.0589	250
200904132100	1.03	16.67	213	8.08	-0.0057	0.0641	250
200904132200	1.06	16.67	213	8.18	-0.0052	0.0695	249
200904132300	1.05	16.67	212	8.28	-0.0041	0.0685	248
200904140000	1.05	16.67	211	8.33	-0.0038	0.0686	248
200904140100	1.06	16.67	213	8.15	-0.0042	0.0688	248
200904140200	1.10	16.67	212	7.83	-0.0050	0.0731	249
200904140300	1.15	16.67	211	7.52	-0.0056	0.0791	249
200904140400	1.22	9.09	259	7.34	-0.0074	0.0884	250
200904140500	1.26	9.09	259	7.25	-0.0092	0.0935	251
200904140600	1.29	15.38	212	7.20	-0.0107	0.0967	252
200904140700	1.37	8.33	262	7.29	-0.0134	0.1113	252
200904140800	1.46	8.33	261	7.49	-0.0160	0.1297	253
200904140900	1.55	9.09	259	7.69	-0.0194	0.1489	253
200904141000	1.58	9.09	259	7.81	-0.0207	0.1583	254
200904141100	1.58	9.09	259	7.86	-0.0210	0.1609	254
200904141200	1.56	9.09	259	7.85	-0.0198	0.1560	253
200904141300	1.52	9.09	259	7.79	-0.0181	0.1485	253
200904141400	1.52	9.09	258	7.67	-0.0175	0.1479	253
200904141500	1.46	9.87	256	7.54	-0.0141	0.1341	252
200904141600	1.38	11.11	252	7.47	-0.0108	0.1206	251
200904141700	1.35	10.53	252	7.62	-0.0089	0.1166	250
200904141800	1.40	11.11	252	7.86	-0.0099	0.1282	250
200904141900	1.52	11.11	253	8.01	-0.0140	0.1512	251
200904142000	1.74	11.11	253	7.84	-0.0231	0.1954	253
200904142100	2.00	11.11	253	7.55	-0.0371	0.2516	255
200904142200	2.27	11.11	253	7.45	-0.0547	0.3170	257
200904142300	2.41	9.09	259	7.43	-0.0667	0.3561	258
200904150000	2.51	8.33	261	7.52	-0.0736	0.3860	258
200904150100	2.52	9.09	259	7.65	-0.0739	0.3958	258
200904150200	2.61	8.33	261	7.74	-0.0807	0.4306	258
200904150300	2.65	9.09	258	7.83	-0.0833	0.4477	258
200904150400	2.58	9.09	258	7.86	-0.0790	0.4225	258
200904150500	2.53	9.09	258	7.83	-0.0773	0.4076	258
200904150600	2.48	9.09	258	7.78	-0.0749	0.3890	258
200904150700	2.45	9.09	258	7.73	-0.0726	0.3765	258
200904150800	2.29	9.09	258	7.72	-0.0611	0.3282	258
200904150900	2.14	9.09	258	7.73	-0.0524	0.2884	258
200904151000	2.07	9.09	258	7.75	-0.0479	0.2695	257
200904151100	2.02	9.09	258	7.73	-0.0455	0.2585	257
200904151200	2.00	9.09	258	7.61	-0.0446	0.2509	257
200904151300	1.97	12.50	251	7.52	-0.0433	0.2387	257
200904151400	1.93	9.09	258	7.37	-0.0430	0.2259	258
200904151500	1.83	9.87	258	7.31	-0.0386	0.2016	258
200904151600	1.75	12.50	248	7.17	-0.0354	0.1810	258
200904151700	1.68	11.11	255	7.07	-0.0326	0.1642	258
200904151800	1.64	11.11	255	6.90	-0.0320	0.1533	259
200904151900	1.64	11.11	255	6.78	-0.0326	0.1491	259
200904152000	1.72	11.11	255	6.68	-0.0375	0.1628	260
200904152100	1.87	6.25	270	6.71	-0.0456	0.1907	261
200904152200	2.02	7.69	265	6.77	-0.0553	0.2255	261
200904152300	2.17	7.14	267	6.85	-0.0651	0.2610	262
200904160000	2.25	7.14	267	6.88	-0.0728	0.2833	263
200904160100	2.28	7.14	267	6.92	-0.0752	0.2901	263
200904160200	2.23	7.14	267	6.97	-0.0721	0.2800	263
200904160300	2.14	7.14	267	7.02	-0.0654	0.2605	262
200904160400	2.01	7.14	266	7.06	-0.0548	0.2332	261
200904160500	1.92	7.14	265	7.02	-0.0488	0.2133	261
200904160600	1.82	7.14	264	6.99	-0.0418	0.1917	260
200904160700	1.75	9.87	259	6.94	-0.0383	0.1771	260
200904160800	1.68	9.87	259	7.00	-0.0342	0.1638	259
200904160900	1.64	9.87	259	7.12	-0.0326	0.1587	259
200904161000	1.59	9.87	259	7.17	-0.0307	0.1494	259
200904161100	1.52	9.87	259	7.07	-0.0278	0.1348	259
200904161200	1.43	9.87	259	6.79	-0.0247	0.1162	259
200904161300	1.35	9.87	259	6.56	-0.0214	0.0997	259
200904161400	1.27	9.87	259	6.39	-0.0188	0.0873	259
200904161500	1.22	9.87	258	6.31	-0.0165	0.0790	258
200904161600	1.18	9.87	258	6.12	-0.0151	0.0716	258
200904161700	1.15	9.87	258	5.91	-0.0143	0.0652	259
200904161800	1.13	9.87	257	5.76	-0.0137	0.0611	259
200904161900	1.13	11.11	256	5.75	-0.0133	0.0606	258
200904162000	1.13	11.11	257	5.81	-0.0134	0.0618	258
200904162100	1.16	9.87	259	5.75	-0.0140	0.0638	258
200904162200	1.22	9.87	259	5.76	-0.0164	0.0719	259
200904162300	1.37	6.67	266	5.85	-0.0220	0.0920	260
200904170000	1.49	6.67	267	5.99	-0.0272	0.1112	261
200904170100	1.54	6.67	267	6.08	-0.0296	0.1204	261
200904170200	1.51	6.67	266	6.14	-0.0276	0.1171	260
200904170300	1.45	6.67	264	6.13	-0.0246	0.1093	260
200904170400	1.38	6.67	263	6.07	-0.0212	0.0982	259
200904170500	1.32	6.67	263	5.96	-0.0188	0.0882	259
200904170600	1.24	6.67	263	5.88	-0.0160	0.0774	258
200904170700	1.20	6.67	263	5.82	-0.0143	0.0718	257
200904170800	1.13	7.14	261	5.76	-0.0122	0.0634	257
200904170900	1.07	7.14	261	5.72	-0.0104	0.0559	256
200904171000	0.99	8.33	260	5.75	-0.0090	0.0486	256
200904171100	0.94	13.33	209	5.88	-0.0075	0.0440	255
200904171200	0.89	13.33	210	6.03	-0.0065	0.0403	255
200904171300	0.86	13.33	209	6.17	-0.0059	0.0385	254
200904171400	0.83	13.33	208	6.28	-0.0055	0.0361	254
200904171500	0.81	8.33	262	6.39	-0.0054	0.0345	254
200904171600	0.79	8.33	262	6.52	-0.0053	0.0335	255
200904171700	0.78	8.33	263	6.60	-0.0054	0.0328	255
200904171800	0.77	8.33	263	6.58	-0.0055	0.0313	256
200904171900	0.75	8.33	264	6.57	-0.0052	0.0294	256
200904172000	0.72	7.69	266	6.61	-0.0046	0.0270	255
200904172100	0.69	14.29	208	6.70	-0.0039	0.0247	254
200904172200	0.67	14.29	208	6.75	-0.0034	0.0232	254
200904172300	0.65	14.29	208	6.60	-0.0032	0.0220	253
200904180000	0.64	14.29	210	6.30	-0.0031	0.0203	254
200904180100	0.62	13.33	208	6.07	-0.0026	0.0190	253
200904180200	0.62	13.33	208	5.86	-0.0024	0.0186	252
200904180300	0.64	13.33	208	5.73	-0.0025	0.0197	252
200904180400	0.67	13.33	208	5.61	-0.0029	0.0214	252
200904180500	0.70	13.33	208	5.52	-0.0034	0.0227	253
200904180600	0.71	13.33	207	5.50	-0.0035	0.0234	253
200904180700	0.70	13.33	208	5.49	-0.0034	0.0225	253
200904180800	0.69	13.33	209	5.59	-0.0034	0.0223	254
200904180900	0.69	7.14	265	5.72	-0.0038	0.0231	254
200904181000	0.73	6.67	266	5.95	-0.0045	0.0262	255
200904181100	0.74	6.67	267	6.08	-0.0049	0.0271	256
200904181200	0.74	6.67	267	6.22	-0.0053	0.0281	256
200904181300	0.72	6.67	266	6.36	-0.0049	0.0269	256
200904181400	0.70	6.67	266	6.60	-0.0045	0.0264	255
200904181500	0.69	7.14	265	6.91	-0.0042	0.0267	255
200904181600	0.70	8.33	263	7.15	-0.0046	0.0282	255
200904181700	0.71	7.69	265	7.24	-0.0047	0.0288	255
200904181800	0.68	7.69	266	7.33	-0.0041	0.0268	255
200904181900	0.63	7.69	266	7.39	-0.0032	0.0230	253
200904182000	0.61	7.69	267	7.50	-0.0030	0.0214	254
200904182100	0.62	13.33	239	7.60	-0.0033	0.0222	254
200904182200	0.66	13.33	241	7.65	-0.0041	0.0260	255
200904182300	0.71	7.69	267	7.52	-0.0049	0.0296	255
200904190000	0.72	7.69	267	7.36	-0.0050	0.0302	255
200904190100	0.71	13.33	244	7.17	-0.0047	0.0290	255
200904190200	0.69	13.33	244	6.99	-0.0042	0.0275	255
200904190300	0.70	13.33	244	6.83	-0.0042	0.0279	254
200904190400	0.70	13.33	243	6.66	-0.0041	0.0273	254
200904190500	0.70	13.33	243	6.65	-0.0040	0.0273	254
200904190600	0.69	13.33	245	6.67	-0.0039	0.0269	254
200904190700	0.69	13.33	244	6.74	-0.0038	0.0266	254
200904190800	0.71	13.33	245	6.94	-0.0039	0.0284	253
200904190900	0.74	13.33	247	7.20	-0.0043	0.0318	253
200904191000	0.76	13.33	248	7.40	-0.0047	0.0345	254
200904191100	0.77	13.33	249	7.66	-0.0047	0.0363	253
200904191200	0.75	13.33	248	7.78	-0.0042	0.0350	253
200904191300	0.76	13.33	247	8.07	-0.0041	0.0366	252
200904191400	0.75	12.50	248	8.11	-0.0039	0.0359	252
200904191500	0.78	12.50	248	8.27	-0.0042	0.0385	252
200904191600	0.78	11.11	256	8.43	-0.0043	0.0395	252
200904191700	0.80	11.11	255	8.78	-0.0045	0.0429	252
200904191800	0.82	11.11	255	8.98	-0.0048	0.0452	252
200904191900	0.83	11.11	256	9.20	-0.0050	0.0476	252
200904192000	0.84	11.11	257	9.30	-0.0055	0.0492	252
200904192100	0.86	13.33	247	9.38	-0.0059	0.0508	253
200904192200	0.87	13.33	247	9.22	-0.0063	0.0521	253
200904192300	0.88	13.33	246	9.00	-0.0064	0.0527	253
200904200000	0.86	11.11	256	8.84	-0.0056	0.0506	252
200904200100	0.83	11.11	256	8.63	-0.0050	0.0468	252
200904200200	0.81	11.11	256	8.65	-0.0047	0.0447	252
200904200300	0.80	13.33	244	8.79	-0.0045	0.0434	252
200904200400	0.76	13.33	242	9.09	-0.0036	0.0401	251
200904200500	0.71	13.33	239	9.37	-0.0020	0.0345	248
200904200600	0.64	13.33	236	9.62	-0.0001	0.0277	244
200904200700	0.61	12.50	244	9.69	0.0002	0.0250	244
200904200800	0.62	12.50	245	9.66	-0.0002	0.0265	245
200904200900	0.65	12.50	245	9.57	-0.0007	0.0290	246
200904201000	0.67	12.50	241	9.63	-0.0007	0.0309	246
200904201100	0.71	12.50	241	9.69	-0.0013	0.0344	247
200904201200	0.74	12.50	239	9.68	-0.0019	0.0376	248
200904201300	0.73	12.50	241	9.83	-0.0018	0.0369	248
200904201400	0.69	12.50	237	9.97	-0.0011	0.0328	246
200904201500	0.63	11.76	244	10.15	-0.0005	0.0279	245
200904201600	0.60	11.76	245	10.20	-0.0001	0.0247	244
200904201700	0.59	11.76	246	10.35	0.0000	0.0243	244
200904201800	0.60	11.76	248	10.45	0.0000	0.0252	244
200904201900	0.60	11.76	247	10.43	0.0001	0.0249	244
200904202000	0.56	11.76	244	10.35	0.0004	0.0220	243
200904202100	0.54	11.76	241	10.37	0.0009	0.0197	241
200904202200	0.51	11.76	241	10.42	0.0010	0.0177	240
200904202300	0.49	11.76	242	10.46	0.0011	0.0165	239
200904210000	0.48	11.76	243	10.37	0.0009	0.0154	240
200904210100	0.48	11.76	244	10.05	0.0006	0.0156	241
200904210200	0.49	11.76	244	9.45	0.0004	0.0160	242
200904210300	0.49	11.76	243	9.10	0.0004	0.0160	242
200904210400	0.48	11.76	241	9.24	0.0005	0.0152	242
200904210500	0.45	11.76	239	9.58	0.0008	0.0137	240
200904210600	0.43	11.76	240	9.72	0.0009	0.0123	239
200904210700	0.42	11.76	241	9.55	0.0010	0.0113	238
200904210800	0.40	11.76	240	9.53	0.0011	0.0105	237
200904210900	0.39	11.76	233	9.58	0.0015	0.0095	233
200904211000	0.37	13.33	210	9.59	0.0016	0.0087	231
200904211100	0.37	13.33	208	9.56	0.0016	0.0086	232
200904211200	0.37	13.33	208	9.54	0.0014	0.0087	233
200904211300	0.37	13.33	208	9.49	0.0012	0.0085	235
200904211400	0.37	13.33	209	9.36	0.0011	0.0084	235
200904211500	0.36	13.33	209	9.07	0.0010	0.0080	235
200904211600	0.36	13.33	207	9.04	0.0011	0.0079	235
200904211700	0.36	13.33	206	9.16	0.0011	0.0080	235
200904211800	0.36	13.33	207	9.10	0.0010	0.0082	236
200904211900	0.37	13.33	207	8.79	0.0009	0.0084	237
200904212000	0.36	13.33	212	8.21	0.0006	0.0078	239
200904212100	0.36	12.50	210	7.92	0.0006	0.0075	239
200904212200	0.37	12.50	209	7.54	0.0007	0.0076	238
200904212300	0.37	12.50	208	6.89	0.0008	0.0077	238
200904220000	0.39	12.50	208	6.10	0.0007	0.0081	239
200904220100	0.41	13.33	211	5.55	0.0004	0.0086	241
200904220200	0.44	13.33	209	5.36	0.0003	0.0093	242
200904220300	0.45	13.33	209	5.15	0.0002	0.0096	243
200904220400	0.47	13.33	210	4.94	-0.0001	0.0098	244
200904220500	0.48	13.33	210	4.78	-0.0004	0.0101	246
200904220600	0.49	13.33	210	4.76	-0.0005	0.0103	247
200904220700	0.50	12.50	210	4.86	-0.0004	0.0104	246
200904220800	0.51	12.50	208	5.02	-0.0003	0.0111	246
200904220900	0.54	12.50	208	5.06	-0.0004	0.0119	246
200904221000	0.55	12.50	208	5.03	-0.0006	0.0122	247
200904221100	0.54	12.50	208	5.09	-0.0004	0.0119	246
200904221200	0.53	12.50	208	5.22	-0.0001	0.0114	245
200904221300	0.51	12.50	209	5.34	0.0001	0.0110	244
200904221400	0.49	12.50	210	5.43	0.0001	0.0103	243
200904221500	0.47	20.00	206	5.62	0.0003	0.0095	242
200904221600	0.44	20.00	206	6.07	0.0008	0.0093	239
200904221700	0.43	20.00	206	6.67	0.0013	0.0091	236
200904221800	0.42	20.00	206	7.22	0.0018	0.0092	232
200904221900	0.42	20.00	206	7.55	0.0020	0.0092	230
200904222000	0.41	20.00	206	7.78	0.0023	0.0089	228
200904222100	0.41	20.00	206	8.21	0.0025	0.0089	226
200904222200	0.42	20.00	206	8.87	0.0030	0.0098	224
200904222300	0.47	20.00	206	9.92	0.0043	0.0127	221
200904230000	0.48	20.00	206	9.76	0.0045	0.0131	221
200904230100	0.48	20.00	206	9.25	0.0045	0.0133	222
200904230200	0.48	20.00	206	8.46	0.0041	0.0128	223
200904230300	0.47	20.00	206	7.63	0.0034	0.0118	225
200904230400	0.48	20.00	206	7.32	0.0034	0.0124	227
200904230500	0.51	20.00	206	7.25	0.0036	0.0138	228
200904230600	0.54	20.00	206	7.36	0.0040	0.0154	228
200904230700	0.55	18.18	206	7.67	0.0043	0.0164	227
200904230800	0.58	18.18	206	8.19	0.0049	0.0182	227
200904230900	0.62	18.18	206	8.55	0.0058	0.0212	226
200904231000	0.65	18.18	206	8.56	0.0063	0.0231	226
200904231100	0.65	18.18	206	8.57	0.0065	0.0234	226
200904231200	0.62	18.18	206	8.78	0.0063	0.0217	225
200904231300	0.62	18.18	206	9.40	0.0066	0.0216	224
200904231400	0.65	18.18	206	10.37	0.0079	0.0245	222
200904231500	0.66	18.18	206	10.80	0.0082	0.0258	223
200904231600	0.67	18.18	206	10.99	0.0081	0.0265	223
200904231700	0.67	18.18	206	11.03	0.0080	0.0265	224
200904231800	0.67	18.18	206	11.26	0.0087	0.0272	222
200904231900	0.66	18.18	206	11.55	0.0090	0.0262	220
200904232000	0.65	18.18	206	11.96	0.0096	0.0260	218
200904232100	0.70	18.18	206	12.56	0.0117	0.0303	216
200904232200	0.72	18.18	206	12.42	0.0122	0.0318	216
200904232300	0.71	18.18	206	11.91	0.0114	0.0304	217
200904240000	0.71	18.18	206	11.47	0.0113	0.0304	218
200904240100	0.73	18.18	206	11.27	0.0118	0.0319	218
200904240200	0.73	16.67	205	11.00	0.0118	0.0324	218
200904240300	0.72	16.67	205	10.78	0.0111	0.0312	219
200904240400	0.72	16.67	205	11.04	0.0113	0.0317	219
200904240500	0.75	16.67	205	11.54	0.0123	0.0342	219
200904240600	0.76	16.67	205	11.46	0.0125	0.0352	219
200904240700	0.80	16.67	205	11.48	0.0135	0.0389	220
200904240800	0.83	16.67	205	11.44	0.0140	0.0426	221
200904240900	0.82	16.67	205	11.44	0.0130	0.0416	222
200904241000	0.80	16.67	205	11.59	0.0125	0.0397	222
200904241100	0.81	16.67	205	11.84	0.0130	0.0404	222
200904241200	0.84	16.67	205	12.17	0.0148	0.0440	220
200904241300	0.86	16.67	205	12.38	0.0160	0.0456	219
200904241400	0.82	16.67	205	12.40	0.0149	0.0420	219
200904241500	0.79	16.67	205	12.42	0.0139	0.0385	218
200904241600	0.76	16.67	205	12.21	0.0131	0.0361	218
200904241700	0.79	16.67	205	12.01	0.0137	0.0381	218
200904241800	0.80	16.67	205	12.17	0.0146	0.0398	218
200904241900	0.80	16.67	205	12.37	0.0148	0.0400	217
200904242000	0.79	16.67	205	12.38	0.0143	0.0385	217
200904242100	0.76	16.67	205	11.97	0.0128	0.0353	218
200904242200	0.75	16.67	205	11.81	0.0128	0.0351	218
200904242300	0.77	16.67	205	11.71	0.0132	0.0361	218
200904250000	0.81	16.67	205	11.48	0.0147	0.0399	218
200904250100	0.83	15.38	205	10.62	0.0149	0.0413	219
200904250200	0.85	15.38	205	9.39	0.0141	0.0415	221
200904250300	0.87	15.38	205	8.22	0.0126	0.0417	224
200904250400	0.90	15.38	206	7.44	0.0106	0.0428	229
200904250500	0.95	15.38	206	6.85	0.0081	0.0455	233
200904250600	1.03	15.38	206	6.59	0.0065	0.0517	236
200904250700	1.12	15.38	206	6.40	0.0048	0.0606	239
200904250800	1.20	15.38	206	6.32	0.0032	0.0690	241
200904250900	1.24	15.38	206	6.26	0.0011	0.0735	243
200904251000	1.24	15.38	207	6.28	0.0003	0.0741	244
200904251100	1.22	15.38	206	6.29	-0.0003	0.0723	244
200904251200	1.23	15.38	206	6.40	0.0003	0.0748	244
200904251300	1.24	15.38	206	6.56	0.0011	0.0768	243
200904251400	1.27	15.38	206	6.72	0.0019	0.0814	243
200904251500	1.25	15.38	206	6.63	-0.0001	0.0788	244
200904251600	1.23	15.38	206	6.45	-0.0027	0.0755	246
200904251700	1.24	15.38	206	6.53	-0.0020	0.0771	246
200904251800	1.21	15.38	206	6.59	-0.0007	0.0737	245
200904251900	1.16	14.29	207	6.60	0.0007	0.0677	243
200904252000	1.07	14.29	208	6.46	0.0011	0.0571	243
200904252100	1.07	14.29	208	6.26	-0.0002	0.0562	244
200904252200	1.18	15.38	206	6.10	-0.0040	0.0682	248
200904252300	1.33	15.38	206	5.99	-0.0094	0.0843	251
200904260000	1.41	15.38	207	5.87	-0.0147	0.0928	254
200904260100	1.44	6.25	268	5.83	-0.0176	0.0956	255
200904260200	1.45	6.25	268	5.87	-0.0172	0.0973	255
200904260300	1.44	14.29	208	5.93	-0.0157	0.0966	254
200904260400	1.40	14.29	207	5.90	-0.0130	0.0911	253
200904260500	1.35	14.29	207	5.87	-0.0112	0.0860	252
200904260600	1.29	14.29	208	5.86	-0.0095	0.0790	251
200904260700	1.25	14.29	208	5.98	-0.0071	0.0748	250
200904260800	1.19	14.29	208	6.05	-0.0052	0.0686	249
200904260900	1.16	14.29	208	6.16	-0.0034	0.0663	247
200904261000	1.11	14.29	207	6.26	-0.0022	0.0621	246
200904261100	1.08	14.29	206	6.26	-0.0026	0.0588	247
200904261200	1.08	14.29	206	6.28	-0.0034	0.0596	248
200904261300	1.09	14.29	207	6.11	-0.0051	0.0600	249
200904261400	1.10	14.29	207	6.09	-0.0063	0.0616	251
200904261500	1.09	14.29	209	6.04	-0.0068	0.0593	251
200904261600	1.09	14.29	209	6.00	-0.0073	0.0580	252
200904261700	1.08	14.29	209	5.93	-0.0083	0.0569	253
200904261800	1.05	14.29	210	5.85	-0.0088	0.0531	254
200904261900	0.99	14.29	211	5.80	-0.0082	0.0465	255
200904262000	0.92	14.29	212	5.74	-0.0069	0.0404	255
200904262100	0.89	14.29	210	5.69	-0.0061	0.0378	254
200904262200	0.95	14.29	210	5.64	-0.0074	0.0425	255
200904262300	1.11	13.33	209	5.65	-0.0117	0.0580	257
200904270000	1.31	6.25	267	5.78	-0.0190	0.0822	259
200904270100	1.42	7.14	266	5.90	-0.0232	0.0974	260
200904270200	1.42	6.67	267	5.94	-0.0231	0.0971	260
200904270300	1.31	6.67	266	5.84	-0.0188	0.0818	259
200904270400	1.24	6.25	267	5.70	-0.0155	0.0713	258
200904270500	1.20	5.88	269	5.58	-0.0141	0.0649	258
200904270600	1.19	5.88	267	5.59	-0.0134	0.0649	257
200904270700	1.17	6.67	264	5.63	-0.0125	0.0643	256
200904270800	1.12	6.67	263	5.68	-0.0109	0.0607	256
200904270900	1.04	6.67	262	5.74	-0.0085	0.0530	254
200904271000	0.95	7.14	260	5.84	-0.0061	0.0452	253
200904271100	0.84	7.14	259	5.94	-0.0037	0.0360	251
200904271200	0.76	13.33	210	6.03	-0.0027	0.0307	250
200904271300	0.77	13.33	210	6.05	-0.0032	0.0315	251
200904271400	0.81	13.33	210	6.00	-0.0041	0.0340	252
200904271500	0.86	13.33	209	5.91	-0.0053	0.0372	253
200904271600	0.86	13.33	209	5.78	-0.0056	0.0362	254
200904271700	0.84	13.33	210	5.67	-0.0057	0.0335	255
200904271800	0.81	13.33	211	5.69	-0.0050	0.0314	254
200904271900	0.77	13.33	210	5.78	-0.0043	0.0288	253
200904272000	0.74	13.33	209	5.84	-0.0038	0.0269	253
200904272100	0.73	13.33	209	5.83	-0.0038	0.0260	253
200904272200	0.74	13.33	210	5.80	-0.0041	0.0266	254
200904272300	0.75	13.33	211	5.78	-0.0046	0.0277	254
200904280000	0.74	13.33	209	5.65	-0.0040	0.0267	253
200904280100	0.81	13.33	209	5.40	-0.0052	0.0302	255
200904280200	0.93	5.88	268	5.28	-0.0081	0.0378	257
200904280300	1.03	5.88	268	5.28	-0.0116	0.0464	260
200904280400	1.07	5.88	267	5.28	-0.0129	0.0498	260
200904280500	1.06	5.88	267	5.23	-0.0126	0.0486	260
200904280600	1.05	5.88	266	5.12	-0.0118	0.0463	260
200904280700	1.01	5.56	267	5.04	-0.0106	0.0428	259
200904280800	0.95	5.56	266	5.00	-0.0088	0.0378	258
200904280900	0.88	5.56	265	5.04	-0.0067	0.0332	257
200904281000	0.81	5.56	264	5.09	-0.0052	0.0291	255
200904281100	0.80	7.69	259	5.26	-0.0050	0.0299	255
200904281200	0.80	7.69	259	5.40	-0.0052	0.0313	255
200904281300	0.82	5.88	263	5.52	-0.0053	0.0331	255
200904281400	0.83	9.09	258	5.74	-0.0058	0.0355	255
200904281500	0.86	9.09	258	5.97	-0.0067	0.0392	256
200904281600	0.85	9.09	259	6.01	-0.0068	0.0386	256
200904281700	0.84	9.09	259	5.95	-0.0066	0.0371	256
200904281800	0.86	9.09	259	5.86	-0.0070	0.0384	256
200904281900	0.90	6.25	263	5.72	-0.0081	0.0401	258
200904282000	0.89	5.88	266	5.57	-0.0082	0.0379	258
200904282100	0.86	5.88	266	5.48	-0.0078	0.0350	259
200904282200	0.85	6.67	266	5.42	-0.0075	0.0336	259
200904282300	0.90	6.67	265	5.35	-0.0084	0.0370	259
200904290000	1.07	6.67	266	5.38	-0.0130	0.0518	260
200904290100	1.23	6.67	265	5.47	-0.0184	0.0692	261
200904290200	1.36	6.67	266	5.57	-0.0233	0.0846	262
200904290300	1.36	6.67	265	5.61	-0.0236	0.0852	262
200904290400	1.30	6.67	265	5.60	-0.0214	0.0778	262
200904290500	1.21	6.67	265	5.55	-0.0179	0.0667	262
200904290600	1.16	6.67	265	5.53	-0.0161	0.0613	261
200904290700	1.09	6.25	266	5.50	-0.0139	0.0546	261
200904290800	1.04	6.25	266	5.50	-0.0121	0.0498	260
200904290900	0.99	6.25	265	5.49	-0.0102	0.0454	259
200904291000	0.95	6.67	263	5.56	-0.0090	0.0431	258
200904291100	0.92	6.25	262	5.67	-0.0083	0.0413	257
200904291200	0.90	6.67	261	5.81	-0.0079	0.0405	257
200904291300	0.90	6.67	261	5.86	-0.0080	0.0409	257
200904291400	0.90	6.67	261	5.83	-0.0080	0.0410	257
200904291500	0.91	6.67	261	5.79	-0.0081	0.0416	257
200904291600	0.94	6.67	261	5.84	-0.0088	0.0450	257
200904291700	0.96	6.67	261	5.88	-0.0093	0.0470	258
200904291800	0.93	6.67	262	5.84	-0.0090	0.0436	258
200904291900	0.89	7.14	263	5.81	-0.0081	0.0390	258
200904292000	0.84	7.14	263	5.79	-0.0074	0.0354	258
200904292100	0.81	7.14	263	5.78	-0.0064	0.0323	257
200904292200	0.81	7.14	264	5.76	-0.0065	0.0329	257
200904292300	0.88	6.67	264	5.75	-0.0079	0.0380	258
200904300000	0.96	6.67	264	5.71	-0.0099	0.0444	259
200904300100	1.03	6.67	264	5.69	-0.0114	0.0508	259
200904300200	1.05	7.14	263	5.69	-0.0118	0.0532	259
200904300300	1.05	7.14	263	5.68	-0.0116	0.0532	258
200904300400	1.05	7.14	262	5.66	-0.0113	0.0530	258
200904300500	1.04	7.14	261	5.63	-0.0108	0.0519	258
200904300600	1.04	7.14	260	5.69	-0.0104	0.0531	257
200904300700	1.01	7.14	260	5.68	-0.0090	0.0494	256
200904300800	0.94	7.14	260	5.71	-0.0068	0.0432	254
200904300900	0.84	7.14	260	5.78	-0.0044	0.0352	252
200904301000	0.66	14.29	208	5.80	-0.0009	0.0218	247
200904301100	0.61	14.29	209	6.05	0.0001	0.0189	244
200904301200	0.56	14.29	209	6.13	0.0009	0.0162	240
200904301300	0.58	14.29	209	6.22	0.0004	0.0174	242
200904301400	0.66	14.29	209	6.53	-0.0011	0.0234	247
200904301500	0.74	7.14	260	6.66	-0.0031	0.0307	251
200904301600	0.68	7.14	260	6.62	-0.0023	0.0253	250
200904301700	0.62	15.38	211	6.52	-0.0017	0.0205	250
200904301800	0.61	7.14	262	6.42	-0.0018	0.0194	250
200904301900	0.63	7.14	263	6.29	-0.0021	0.0203	251
200904302000	0.65	7.14	263	6.11	-0.0023	0.0214	251
200904302100	0.66	15.38	212	5.87	-0.0023	0.0213	251
200904302200	0.68	15.38	213	5.61	-0.0024	0.0220	251
200904302300	0.70	14.29	213	5.30	-0.0025	0.0224	251
