    1.9120     0.35     4.64       10
    2.4470     0.72     5.07       10
    0.8660     1.19     5.49       10
    0.1640     1.70     6.01       10
    0.0210     2.10     6.52       10
    0.0110     2.67     7.43       10
    0.0000     0.00     0.00       10
    0.0000     0.00     0.00       10
    0.0000     0.00     0.00       10
    0.0000     0.00     0.00       10
    0.0000     0.00     0.00       10
    0.0000     0.00     0.00       10
    0.0000     0.00     0.00       10
    0.0000     0.00     0.00       10
    0.0000     0.00     0.00       10
    0.0000     0.00     0.00       10
    0.0000     0.00     0.00       10
    0.0000     0.00     0.00       10
    0.0000     0.00     0.00       10
    0.0000     0.00     0.00       10
    1.0640     0.36     4.40       30
    1.1880     0.70     4.73       30
    0.2380     1.20     5.24       30
    0.0460     1.66     5.87       30
    0.0060     2.22     6.86       30
    0.0010     2.86     7.02       30
    0.0000     0.00     0.00       30
    0.0000     0.00     0.00       30
    0.0000     0.00     0.00       30
    0.0000     0.00     0.00       30
    0.0000     0.00     0.00       30
    0.0000     0.00     0.00       30
    0.0000     0.00     0.00       30
    0.0000     0.00     0.00       30
    0.0000     0.00     0.00       30
    0.0000     0.00     0.00       30
    0.0000     0.00     0.00       30
    0.0000     0.00     0.00       30
    0.0000     0.00     0.00       30
    0.0000     0.00     0.00       30
    0.5260     0.38     4.27       50
    0.5780     0.67     4.43       50
    0.0630     1.20     5.14       50
    0.0070     1.58     5.77       50
    0.0000     0.00     0.00       50
    0.0010     2.55     6.37       50
    0.0000     0.00     0.00       50
    0.0000     0.00     0.00       50
    0.0000     0.00     0.00       50
    0.0000     0.00     0.00       50
    0.0000     0.00     0.00       50
    0.0000     0.00     0.00       50
    0.0000     0.00     0.00       50
    0.0000     0.00     0.00       50
    0.0000     0.00     0.00       50
    0.0000     0.00     0.00       50
    0.0000     0.00     0.00       50
    0.0000     0.00     0.00       50
    0.0000     0.00     0.00       50
    0.0000     0.00     0.00       50
    0.3350     0.38     4.02       70
    0.3440     0.67     4.25       70
    0.0390     1.17     5.08       70
    0.0010     1.65     6.24       70
    0.0000     0.00     0.00       70
    0.0000     0.00     0.00       70
    0.0000     0.00     0.00       70
    0.0000     0.00     0.00       70
    0.0000     0.00     0.00       70
    0.0000     0.00     0.00       70
    0.0000     0.00     0.00       70
    0.0000     0.00     0.00       70
    0.0000     0.00     0.00       70
    0.0000     0.00     0.00       70
    0.0000     0.00     0.00       70
    0.0000     0.00     0.00       70
    0.0000     0.00     0.00       70
    0.0000     0.00     0.00       70
    0.0000     0.00     0.00       70
    0.0000     0.00     0.00       70
    0.3010     0.39     3.87       90
    0.2200     0.65     4.12       90
    0.0200     1.13     4.75       90
    0.0010     1.65     6.76       90
    0.0010     2.21     6.50       90
    0.0000     0.00     0.00       90
    0.0000     0.00     0.00       90
    0.0010     3.74     8.19       90
    0.0000     0.00     0.00       90
    0.0000     0.00     0.00       90
    0.0000     0.00     0.00       90
    0.0000     0.00     0.00       90
    0.0000     0.00     0.00       90
    0.0000     0.00     0.00       90
    0.0000     0.00     0.00       90
    0.0000     0.00     0.00       90
    0.0000     0.00     0.00       90
    0.0000     0.00     0.00       90
    0.0000     0.00     0.00       90
    0.0000     0.00     0.00       90
    0.2810     0.38     3.93      110
    0.2170     0.64     4.04      110
    0.0040     1.25     5.85      110
    0.0030     1.69     5.98      110
    0.0010     2.21     5.46      110
    0.0000     0.00     0.00      110
    0.0000     0.00     0.00      110
    0.0000     0.00     0.00      110
    0.0000     0.00     0.00      110
    0.0000     0.00     0.00      110
    0.0000     0.00     0.00      110
    0.0000     0.00     0.00      110
    0.0000     0.00     0.00      110
    0.0000     0.00     0.00      110
    0.0000     0.00     0.00      110
    0.0000     0.00     0.00      110
    0.0000     0.00     0.00      110
    0.0000     0.00     0.00      110
    0.0000     0.00     0.00      110
    0.0000     0.00     0.00      110
    0.3490     0.38     3.96      130
    0.2070     0.62     4.21      130
    0.0090     1.19     6.22      130
    0.0070     1.71     6.47      130
    0.0030     2.29     7.60      130
    0.0000     0.00     0.00      130
    0.0000     0.00     0.00      130
    0.0000     0.00     0.00      130
    0.0000     0.00     0.00      130
    0.0000     0.00     0.00      130
    0.0000     0.00     0.00      130
    0.0000     0.00     0.00      130
    0.0000     0.00     0.00      130
    0.0000     0.00     0.00      130
    0.0000     0.00     0.00      130
    0.0000     0.00     0.00      130
    0.0000     0.00     0.00      130
    0.0000     0.00     0.00      130
    0.0000     0.00     0.00      130
    0.0000     0.00     0.00      130
    0.4260     0.37     4.21      150
    0.2740     0.66     4.37      150
    0.0310     1.18     5.69      150
    0.0010     1.70     6.37      150
    0.0090     2.21     6.70      150
    0.0000     0.00     0.00      150
    0.0030     3.15     8.38      150
    0.0030     3.90     8.13      150
    0.0000     0.00     0.00      150
    0.0000     0.00     0.00      150
    0.0000     0.00     0.00      150
    0.0000     0.00     0.00      150
    0.0000     0.00     0.00      150
    0.0000     0.00     0.00      150
    0.0000     0.00     0.00      150
    0.0000     0.00     0.00      150
    0.0000     0.00     0.00      150
    0.0000     0.00     0.00      150
    0.0000     0.00     0.00      150
    0.0000     0.00     0.00      150
    0.3950     0.36     4.37      170
    0.4490     0.70     4.73      170
    0.1070     1.18     5.66      170
    0.0230     1.78     6.06      170
    0.0160     2.24     6.61      170
    0.0040     2.59     7.41      170
    0.0000     0.00     0.00      170
    0.0000     0.00     0.00      170
    0.0000     0.00     0.00      170
    0.0000     0.00     0.00      170
    0.0000     0.00     0.00      170
    0.0000     0.00     0.00      170
    0.0000     0.00     0.00      170
    0.0000     0.00     0.00      170
    0.0000     0.00     0.00      170
    0.0000     0.00     0.00      170
    0.0000     0.00     0.00      170
    0.0000     0.00     0.00      170
    0.0000     0.00     0.00      170
    0.0000     0.00     0.00      170
    0.5100     0.37     4.39      190
    0.7240     0.73     4.81      190
    0.3020     1.19     5.55      190
    0.0800     1.73     6.16      190
    0.0170     2.21     6.55      190
    0.0030     2.94     6.83      190
    0.0000     0.00     0.00      190
    0.0000     0.00     0.00      190
    0.0000     0.00     0.00      190
    0.0000     0.00     0.00      190
    0.0000     0.00     0.00      190
    0.0000     0.00     0.00      190
    0.0000     0.00     0.00      190
    0.0000     0.00     0.00      190
    0.0000     0.00     0.00      190
    0.0000     0.00     0.00      190
    0.0000     0.00     0.00      190
    0.0000     0.00     0.00      190
    0.0000     0.00     0.00      190
    0.0000     0.00     0.00      190
    0.5930     0.37     4.45      210
    1.2020     0.74     4.87      210
    0.6520     1.21     5.56      210
    0.2240     1.71     6.17      210
    0.0510     2.20     6.83      210
    0.0140     2.71     7.25      210
    0.0030     3.31     7.93      210
    0.0000     0.00     0.00      210
    0.0000     0.00     0.00      210
    0.0000     0.00     0.00      210
    0.0000     0.00     0.00      210
    0.0000     0.00     0.00      210
    0.0000     0.00     0.00      210
    0.0000     0.00     0.00      210
    0.0000     0.00     0.00      210
    0.0000     0.00     0.00      210
    0.0000     0.00     0.00      210
    0.0000     0.00     0.00      210
    0.0000     0.00     0.00      210
    0.0000     0.00     0.00      210
    0.8960     0.38     4.52      230
    3.0620     0.77     4.98      230
    3.0290     1.24     5.64      230
    2.1890     1.73     6.24      230
    1.0420     2.22     6.77      230
    0.3320     2.71     7.24      230
    0.0860     3.19     7.65      230
    0.0130     3.69     8.31      230
    0.0040     4.07     8.45      230
    0.0010     4.67     9.36      230
    0.0000     0.00     0.00      230
    0.0000     0.00     0.00      230
    0.0000     0.00     0.00      230
    0.0000     0.00     0.00      230
    0.0000     0.00     0.00      230
    0.0000     0.00     0.00      230
    0.0000     0.00     0.00      230
    0.0000     0.00     0.00      230
    0.0000     0.00     0.00      230
    0.0000     0.00     0.00      230
    1.8350     0.37     4.61      250
    4.1650     0.75     5.11      250
    3.3710     1.25     5.77      250
    2.2890     1.74     6.37      250
    1.2560     2.23     6.93      250
    0.6550     2.72     7.44      250
    0.2700     3.21     7.88      250
    0.0980     3.70     8.44      250
    0.0500     4.21     8.83      250
    0.0070     4.67     9.10      250
    0.0070     5.18     9.44      250
    0.0030     5.76     9.88      250
    0.0030     6.14    10.01      250
    0.0000     0.00     0.00      250
    0.0000     0.00     0.00      250
    0.0000     0.00     0.00      250
    0.0000     0.00     0.00      250
    0.0000     0.00     0.00      250
    0.0000     0.00     0.00      250
    0.0000     0.00     0.00      250
    2.4100     0.35     4.79      270
    2.9280     0.74     5.32      270
    1.9880     1.24     5.88      270
    1.1920     1.73     6.46      270
    0.6370     2.23     7.02      270
    0.3170     2.75     7.56      270
    0.1770     3.25     8.11      270
    0.0860     3.72     8.49      270
    0.0300     4.22     8.98      270
    0.0200     4.74     9.21      270
    0.0110     5.21     9.77      270
    0.0000     0.00     0.00      270
    0.0000     0.00     0.00      270
    0.0000     0.00     0.00      270
    0.0000     0.00     0.00      270
    0.0000     0.00     0.00      270
    0.0000     0.00     0.00      270
    0.0000     0.00     0.00      270
    0.0000     0.00     0.00      270
    0.0000     0.00     0.00      270
    2.8030     0.32     5.03      290
    2.8750     0.75     5.56      290
    1.8210     1.24     6.06      290
    1.0810     1.72     6.56      290
    0.5820     2.21     7.05      290
    0.2950     2.72     7.58      290
    0.1780     3.27     8.13      290
    0.0910     3.73     8.54      290
    0.0410     4.24     8.98      290
    0.0240     4.68     9.41      290
    0.0140     5.14     9.78      290
    0.0000     0.00     0.00      290
    0.0000     0.00     0.00      290
    0.0000     0.00     0.00      290
    0.0000     0.00     0.00      290
    0.0000     0.00     0.00      290
    0.0000     0.00     0.00      290
    0.0000     0.00     0.00      290
    0.0000     0.00     0.00      290
    0.0000     0.00     0.00      290
    3.5010     0.32     5.30      310
    3.7850     0.75     5.93      310
    2.6280     1.24     6.30      310
    1.6260     1.72     6.69      310
    0.9110     2.23     7.21      310
    0.4450     2.73     7.77      310
    0.2440     3.23     8.25      310
    0.1200     3.72     8.76      310
    0.0610     4.22     9.14      310
    0.0270     4.66     9.55      310
    0.0140     5.18    10.15      310
    0.0030     5.76    10.98      310
    0.0000     0.00     0.00      310
    0.0000     0.00     0.00      310
    0.0000     0.00     0.00      310
    0.0000     0.00     0.00      310
    0.0000     0.00     0.00      310
    0.0000     0.00     0.00      310
    0.0000     0.00     0.00      310
    0.0000     0.00     0.00      310
    4.0510     0.34     5.34      330
    5.8680     0.75     6.07      330
    2.9830     1.22     6.33      330
    1.3060     1.72     6.71      330
    0.5660     2.23     7.32      330
    0.3690     2.73     7.88      330
    0.1750     3.22     8.39      330
    0.0780     3.73     8.86      330
    0.0390     4.23     9.40      330
    0.0200     4.69     9.71      330
    0.0100     5.24    10.42      330
    0.0030     5.71    10.98      330
    0.0000     0.00     0.00      330
    0.0000     0.00     0.00      330
    0.0000     0.00     0.00      330
    0.0000     0.00     0.00      330
    0.0000     0.00     0.00      330
    0.0000     0.00     0.00      330
    0.0000     0.00     0.00      330
    0.0000     0.00     0.00      330
    2.9160     0.35     4.94      350
    4.2040     0.73     5.50      350
    1.6330     1.21     5.89      350
    0.4080     1.69     6.36      350
    0.1060     2.20     6.96      350
    0.0270     2.71     7.56      350
    0.0100     3.20     8.02      350
    0.0000     0.00     0.00      350
    0.0000     0.00     0.00      350
    0.0000     0.00     0.00      350
    0.0000     0.00     0.00      350
    0.0000     0.00     0.00      350
    0.0000     0.00     0.00      350
    0.0000     0.00     0.00      350
    0.0000     0.00     0.00      350
    0.0000     0.00     0.00      350
    0.0000     0.00     0.00      350
    0.0000     0.00     0.00      350
    0.0000     0.00     0.00      350
    0.0000     0.00     0.00      350
