             93790.1    481811.1
             94786.1    484317.2
             95078.2    485030.6
             95447.5    485940.1
             95784.2    486756.9
             96102.3    487559.0
             96494.8    488523.6
             96891.1    489535.5
             97252.4    490379.2
             97656.2    491398.5
             97881.6    491960.4
             98045.8    492311.3
             98260.8    492886.2
             98402.4    493272.6
             98558.1    493834.9
             98649.7    494042.1
             98801.1    494790.3
             98821.0    494928.2
             98895.8    495681.3
             98864.0    496195.1
             98797.2    496627.0
             98698.9    497030.2
             98570.5    497333.3
             98505.1    497384.0
             98472.3    497395.6
             97399.6    497019.2
             97244.3    497015.1
             97182.2    497041.7
             97037.2    497243.9
             96935.5    497371.0
             96862.5    497618.0
             96861.9    497681.3
             96890.9    497694.1
             96914.5    497653.6
             96952.7    497492.4
             96964.0    497459.5
             97019.1    497369.6
             97109.4    497242.5
             97182.8    497125.5
             97262.6    497071.7
             97363.6    497067.7
             97506.8    497103.3
             97777.9    497203.5
             98441.2    497441.6
             98416.2    497498.6
             98433.7    497499.5
             98483.1    497441.4
             99284.5    497037.0
             99371.6    497169.6
             99450.4    497408.3
             99494.7    497405.6
             99666.7    497441.1
             99696.0    497503.2
            100149.5    497560.1
            100185.7    497531.0
            100174.6    497512.1
            100042.5    497492.4
             99905.4    497392.9
            100034.6    497206.4
            100200.9    496995.2
            100655.6    496700.8
            100725.9    496791.1
            100254.0    497107.6
            100145.4    497324.9
            100154.2    497366.7
            100282.6    497437.7
            101073.5    496943.7
            101121.9    496952.4
            101165.2    497034.4
            100349.1    497547.6
            100325.1    497527.7
            100272.1    497569.9
            100277.1    497582.3
            100798.7    497617.4
            100798.9    497645.3
            100826.8    497649.1
            100820.6    497678.1
            100846.0    497679.4
            100853.2    497652.5
            100820.4    497660.1
            100946.9    497651.0
            100954.1    497621.6
            102488.2    497600.9
-999 -999
            100553.9    497714.9
            100666.4    497705.3
            100715.9    497730.4
            100789.0    497730.1
            100795.2    497687.2
            100892.8    497684.1
            100888.1    497723.1
            101579.7    497723.3
            101578.4    497738.8
            101687.4    497739.2
            101692.3    497721.7
            102181.6    497703.7
            102177.1    497766.0
            101901.3    497778.4
            101898.5    497730.6
            101773.6    497747.7
            101763.5    497790.6
            101545.0    497807.2
            101537.6    497817.2
            101485.3    497824.0
            101460.6    497845.6
            101485.7    497875.8
            101320.3    497871.7
            101297.2    497847.4
            101321.0    497824.9
            101484.3    497822.5
            101222.4    497825.4
            101223.7    497802.5
            100797.4    497790.8
            100561.5    497733.7
-999 -999
            102333.8    498116.9
            102320.2    498016.9
            101802.3    498082.9
            101800.2    498136.2
            101565.0    498184.3
            101537.3    498222.4
            100924.8    498288.9
            100925.9    498301.4
            101064.1    498338.5
            101551.7    498286.6
            101564.3    498453.9
            101497.8    498492.1
            101421.7    498492.6
            101264.3    498426.1
            101110.1    498448.4
            101396.9    498588.9
            101707.8    498544.3
            101726.1    498593.6
            102042.0    498547.5
            102064.0    498637.1
            101668.7    498725.4
            101661.3    498737.9
            101423.7    498793.5
            101194.4    498687.1
            101165.4    498738.1
            100547.9    498516.2
            100525.3    498561.6
            100478.6    498581.3
            100355.8    498533.6
            100326.5    498475.5
            100271.4    498417.5
            100280.1    498383.6
            100020.1    498297.2
            100060.3    498426.6
            100060.5    498598.5
             99981.0    498630.3
             99733.9    498241.0
             99700.8    498204.2
             99652.8    498180.6
             99277.7    498078.5
             98795.7    498092.5
             98664.3    498092.2
             98520.0    498043.7
             98376.5    497956.7
             98347.3    497984.8
             98532.8    498092.9
             98568.2    498098.7
             98035.4    498246.1
             97988.7    498258.8
             97922.0    498258.1
             97693.3    498168.2
             97570.2    498076.6
             97566.5    498118.1
             97641.7    498203.8
             97837.0    498279.0
             97995.5    498312.1
             98221.8    498264.0
             98666.2    498150.5
             98840.3    498129.1
             99221.2    498128.1
             99309.1    498234.2
             99386.0    498416.2
             99466.1    498625.6
             99648.0    498933.6
             99847.9    499340.1
             99928.8    499520.6
             99912.7    499558.5
            100147.8    500090.4
            100215.1    500312.8
            100256.3    500445.1
            100405.7    500807.6
            100451.4    501016.1
            100563.8    501216.8
            100728.9    501838.8
            100778.0    502171.4
            100868.8    502564.6
            100936.7    502890.6
            101025.7    503305.2
            101174.1    503900.9
            101331.2    504516.4
            101472.5    505228.2
            101607.5    505891.7
            101776.1    506889.4
            101957.3    507832.7
            102032.6    508355.1
            102033.4    508472.6
            102190.6    509260.6
            102385.9    510444.0
            102468.2    510829.7
            102481.6    511270.2
            102578.3    511797.3
            102660.0    512457.6
            102750.5    512872.2
            102835.3    513631.2
            102915.8    514111.6
            102994.3    514753.0
            103017.6    514802.2
-999 -999
            102773.7    498077.7
            102456.7    498180.6
            101603.9    498277.8
            101620.1    498462.1
            101940.1    498426.5
            102055.6    498348.6
            102657.0    498270.7
            102876.6    498189.7
            103123.7    498068.4
            103139.3    498085.7
            103066.4    498204.2
            102987.0    498251.4
            102368.6    498396.3
            102377.5    498462.0
            103192.4    498281.7
            103223.7    498046.4
            103383.1    497919.0
