  8.9361253e+004  4.7293766e+005
  9.4140972e+004  4.8253195e+005
  9.6310800e+004  4.8773495e+005
  9.7912419e+004  4.9164473e+005
  9.8697644e+004  4.9405857e+005
  9.8872875e+004  4.9552218e+005
  9.8706427e+004  4.9668762e+005
  9.8428284e+004  4.9740293e+005
  9.8105509e+004  4.9726386e+005
  9.7723348e+004  4.9713732e+005
  9.7424603e+004  4.9702177e+005
  9.7282160e+004  4.9705892e+005
  9.7128798e+004  4.9719117e+005
  9.6964635e+004  4.9743040e+005
  9.6919239e+004  4.9764463e+005
  9.7613944e+004  4.9806469e+005
  9.7638485e+004  4.9813568e+005
  9.7937368e+004  4.9826311e+005
  9.8056377e+004  4.9826184e+005
  9.8388726e+004  4.9817518e+005
  9.8626118e+004  4.9811326e+005
  9.8864151e+004  4.9811057e+005
  9.9268514e+004  4.9808228e+005
  9.9402162e+004  4.9834180e+005
  9.9836941e+004  4.9921043e+005
  1.0034768e+005  5.0027278e+005
  1.0065587e+005  5.0130181e+005
  1.0102678e+005  5.0259298e+005
  1.0139176e+005  5.0429808e+005
  1.0166624e+005  5.0550594e+005
  1.0199736e+005  5.0751335e+005
  1.0240657e+005  5.1012144e+005
  1.0287557e+005  5.1321903e+005
  1.0334701e+005  5.1653640e+005
