   -500000.0          0.0       1.5708     100000.0       0.0300       4061.8
   -490000.0          0.0       1.5708     100000.0       0.0300       4061.8
   -480000.0          0.0       1.5708     100000.0       0.0300       4061.8
   -470000.0          0.0       1.5708     100000.0       0.0300       4061.8
   -460000.0          0.0       1.5708     100000.0       0.0300       4061.8
   -450000.0          0.0       1.5708     100000.0       0.0300       4061.8
   -440000.0          0.0       1.5708     100000.0       0.0300       4061.8
   -430000.0          0.0       1.5708     100000.0       0.0300       4061.8
   -420000.0          0.0       1.5708     100000.0       0.0300       4061.8
   -410000.0          0.0       1.5708     100000.0       0.0300       4061.8
   -400000.0          0.0       1.5708     100000.0       0.0300       4061.8
   -390000.0          0.0       1.5708     100000.0       0.0300       4061.8
   -380000.0          0.0       1.5708     100000.0       0.0300       4061.8
   -370000.0          0.0       1.5708     100000.0       0.0300       4061.8
   -360000.0          0.0       1.5708     100000.0       0.0300       4061.8
   -350000.0          0.0       1.5708     100000.0       0.0300       4061.8
   -340000.0          0.0       1.5708     100000.0       0.0300       4061.8
   -330000.0          0.0       1.5708     100000.0       0.0300       4061.8
   -320000.0          0.0       1.5708     100000.0       0.0300       4061.8
   -310000.0          0.0       1.5708     100000.0       0.0300       4061.8
   -300000.0          0.0       1.5708     100000.0       0.0300       4061.8
   -290000.0          0.0       1.5708     100000.0       0.0300       4061.8
   -280000.0          0.0       1.5708     100000.0       0.0300       4061.8
   -270000.0          0.0       1.5708     100000.0       0.0300       4061.8
   -260000.0          0.0       1.5708     100000.0       0.0300       4061.8
   -250000.0          0.0       1.5708     100000.0       0.0300       4061.8
   -240000.0          0.0       1.5708     100000.0       0.0300       4061.8
   -230000.0          0.0       1.5708     100000.0       0.0300       4061.8
   -220000.0          0.0       1.5708     100000.0       0.0300       4061.8
   -210000.0          0.0       1.5708     100000.0       0.0300       4061.8
   -200000.0          0.0       1.5708     100000.0       0.0300       4061.8
   -190000.0          0.0       1.5708     100000.0       0.0300       4061.8
   -180000.0          0.0       1.5708     100000.0       0.0300       4061.8
   -170000.0          0.0       1.5708     100000.0       0.0300       4061.8
   -160000.0          0.0       1.5708     100000.0       0.0300       4061.8
   -150000.0          0.0       1.5708     100000.0       0.0300       4061.8
   -140000.0          0.0       1.5708     100000.0       0.0300       4061.8
   -130000.0          0.0       1.5708     100000.0       0.0300       4061.8
   -120000.0          0.0       1.5708     100000.0       0.0300       4061.8
   -110000.0          0.0       1.5708     100000.0       0.0300       4061.8
   -100000.0          0.0       1.5708     100000.0       0.0300       4061.8
    -90000.0          0.0       1.5708     100000.0       0.0300       4061.8
    -80000.0          0.0       1.5708     100000.0       0.0300       4061.8
    -70000.0          0.0       1.5708     100000.0       0.0300       4061.8
    -60000.0          0.0       1.5708     100000.0       0.0300       4061.8
    -50000.0          0.0       1.5708     100000.0       0.0300       4061.8
    -40000.0          0.0       1.5708     100000.0       0.0300       4061.8
    -30000.0          0.0       1.5708     100000.0       0.0300       4061.8
    -20000.0          0.0       1.5708     100000.0       0.0300       4061.8
    -10000.0          0.0       1.5708     100000.0       0.0300       4061.8
         0.0          0.0       1.5708     100000.0       0.0300       4061.8
     10000.0          0.0       1.5708     100000.0       0.0300       4061.8
     20000.0          0.0       1.5708     100000.0       0.0300       4061.8
     30000.0          0.0       1.5708     100000.0       0.0300       4061.8
     40000.0          0.0       1.5708     100000.0       0.0300       4061.8
     50000.0          0.0       1.5708     100000.0       0.0300       4061.8
     60000.0          0.0       1.5708     100000.0       0.0300       4061.8
     70000.0          0.0       1.5708     100000.0       0.0300       4061.8
     80000.0          0.0       1.5708     100000.0       0.0300       4061.8
     90000.0          0.0       1.5708     100000.0       0.0300       4061.8
    100000.0          0.0       1.5708     100000.0       0.0300       4061.8
    110000.0          0.0       1.5708     100000.0       0.0300       4061.8
    120000.0          0.0       1.5708     100000.0       0.0300       4061.8
    130000.0          0.0       1.5708     100000.0       0.0300       4061.8
    140000.0          0.0       1.5708     100000.0       0.0300       4061.8
    150000.0          0.0       1.5708     100000.0       0.0300       4061.8
    160000.0          0.0       1.5708     100000.0       0.0300       4061.8
    170000.0          0.0       1.5708     100000.0       0.0300       4061.8
    180000.0          0.0       1.5708     100000.0       0.0300       4061.8
    190000.0          0.0       1.5708     100000.0       0.0300       4061.8
    200000.0          0.0       1.5708     100000.0       0.0300       4061.8
    210000.0          0.0       1.5708     100000.0       0.0300       4061.8
    220000.0          0.0       1.5708     100000.0       0.0300       4061.8
    230000.0          0.0       1.5708     100000.0       0.0300       4061.8
    240000.0          0.0       1.5708     100000.0       0.0300       4061.8
    250000.0          0.0       1.5708     100000.0       0.0300       4061.8
    260000.0          0.0       1.5708     100000.0       0.0300       4061.8
    270000.0          0.0       1.5708     100000.0       0.0300       4061.8
    280000.0          0.0       1.5708     100000.0       0.0300       4061.8
    290000.0          0.0       1.5708     100000.0       0.0300       4061.8
    300000.0          0.0       1.5708     100000.0       0.0300       4061.8
    310000.0          0.0       1.5708     100000.0       0.0300       4061.8
    320000.0          0.0       1.5708     100000.0       0.0300       4061.8
    330000.0          0.0       1.5708     100000.0       0.0300       4061.8
    340000.0          0.0       1.5708     100000.0       0.0300       4061.8
    350000.0          0.0       1.5708     100000.0       0.0300       4061.8
    360000.0          0.0       1.5708     100000.0       0.0300       4061.8
    370000.0          0.0       1.5708     100000.0       0.0300       4061.8
    380000.0          0.0       1.5708     100000.0       0.0300       4061.8
    390000.0          0.0       1.5708     100000.0       0.0300       4061.8
    400000.0          0.0       1.5708     100000.0       0.0300       4061.8
    410000.0          0.0       1.5708     100000.0       0.0300       4061.8
    420000.0          0.0       1.5708     100000.0       0.0300       4061.8
    430000.0          0.0       1.5708     100000.0       0.0300       4061.8
    440000.0          0.0       1.5708     100000.0       0.0300       4061.8
    450000.0          0.0       1.5708     100000.0       0.0300       4061.8
    460000.0          0.0       1.5708     100000.0       0.0300       4061.8
    470000.0          0.0       1.5708     100000.0       0.0300       4061.8
    480000.0          0.0       1.5708     100000.0       0.0300       4061.8
    490000.0          0.0       1.5708     100000.0       0.0300       4061.8
    500000.0          0.0       1.5708     100000.0       0.0300       4061.8
