1.2e4 3.3e8
6.8e3 6.8e7
8.7e2 1.6e7
4.2e3 1.2e8
4.6e3 2.5e7
9.1e2 1.4e7
1.5e3 1.7e7
3.0e3 2.6e6
3.6e2 8.5e6
1.7e3 4.4e7
1.5e3 1.8e7
2.7e2 7.6e6
1.4e3 2.4e7
1.0e2 3.0e6
1.8e2 4.9e6
3.2e2 8.1e6
2.9e3 1.9e7
5.2e2 1.8e7
1.4e3 2.7e7
1.5e3 3.1e7
6.0e3 4.6e7
2.1e2 2.2e6
1.6e3 2.5e7
2.9e2 2.0e5
1.4e3 2.1e7
8.5e2 1.1e7
3.8e2 1.6e7
4.5e2 5.1e6
6.8e2 6.3e6
1.5e3 4.4e7
2.6e3 4.1e7
5.9e2 5.2e6
9.4e2 1.2e7
1.1e2 9.3e5
2.6e1 3.3e5
1.3e2 1.4e6
5.9e1 1.2e6
4.1e2 7.6e6
1.1e3 2.0e7
2.4e4 5.9e8
6.4e1 1.2e6
1.6e3 1.4e7
2.2e3 5.4e7
9.3e3 3.6e8
4.1e2 1.3e7
2.4e2 4.2e6
2.5e2 3.0e6
1.5e3 3.5e7
7.4e2 1.8e7
9.0e2 1.6e7
4.8e3 9.2e7
1.1e4 2.4e8
1.8e4 6.2e8
1.4e3 1.2e7
3.1e3 2.9e7
2.3e2 4.6e6
1.3e3 1.9e7
1.5e3 2.1e7
5.7e2 3.9e6
6.5e2 1.0e7
1.7e3 1.8e7
1.3e4 3.3e8
2.0e2 2.2e6
3.9e3 7.6e7
4.6e3 4.2e7
1.6e3 4.4e7
1.0e4 2.7e8