% $Id$
% NOTE: the origin of this file is unknown.
% When smearing peanut butter on ones bread, it is always good 
% practise to check the jar for proper date, producer (we only want an A brand), 
% calories etc. But for some reason we complete fail to do so when 
% smearing raw data.
    2   100  0.99 -1.24
    2   101  0.99 -1.24
    2   102  0.99 -1.24
    2   103  0.99 -1.24
    2   104  0.99 -1.24
    2   105  0.99 -1.24
    2   106  0.99 -1.24
    2   120  0.99 -1.24
    2   140  0.99 -1.24
    2   160  0.99 -1.24
    2   180  0.99 -1.24
    2   200  0.99 -1.24
    2   201  0.99 -1.24
    2   202  0.99 -1.24
    2   203  0.99 -1.24
    2   204  0.99 -1.24
    2   205  0.99 -1.24
    2   206  0.99 -1.24
    2   220  0.99 -1.24
    2   240  0.99 -1.24
    2   260  0.99 -1.24
    2   280  0.99 -1.24
    2   300  0.99 -1.24
    2   301  0.99 -1.24
    2   302  0.99 -1.24
    2   303  0.99 -1.24
    2   304  0.99 -1.24
    2   320  0.99 -1.24
    2   340  0.99 -1.24
    2   360  0.99 -1.24
    2   380  0.99 -1.25
    2   400  0.99 -1.25
    2   401  0.99 -1.25
    2   420  0.99 -1.25
    2   440  0.99 -1.25
    2   460  0.99 -1.25
    2   480  0.99 -1.25
    2   500  0.99 -1.25
    2   501  0.99 -1.25
    2   502  0.99 -1.25
    2   520  0.99 -1.25
    2   540  0.99 -1.25
    2   560  0.99 -1.25
    2   580  0.99 -1.25
    2   600  0.99 -1.25
    2   620  0.99 -1.25
    2   640  0.99 -1.25
    2   660  0.99 -1.25
    2   680  0.99 -1.25
    2   700  0.99 -1.25
    2   720  0.99 -1.25
    2   740  0.99 -1.25
    2   760  0.99 -1.25
    2   780  0.99 -1.25
    2   800  0.99 -1.25
    2   820  0.99 -1.25
    2   840  0.99 -1.25
    2   860  0.98 -1.26
    2   880  0.98 -1.26
    2   900  0.98 -1.26
    2   920  0.98 -1.26
    2   940  0.98 -1.26
    2   960  0.98 -1.26
    2   980  0.98 -1.26
    2  1000  0.98 -1.26
    2  1020  0.98 -1.26
    2  1040  0.98 -1.26
    2  1060  0.98 -1.26
    2  1080  0.98 -1.26
    2  1100  0.98 -1.26
    2  1120  0.98 -1.26
    2  1140  0.98 -1.26
    2  1160  0.98 -1.27
    2  1180  0.98 -1.27
    2  1200  0.98 -1.27
    2  1220  0.98 -1.27
    2  1240  0.98 -1.27
    2  1260  0.98 -1.27
    2  1280  0.98 -1.27
    2  1300  0.98 -1.27
    2  1320  0.98 -1.27
    2  1340  0.98 -1.27
    2  1360  0.98 -1.27
    2  1380  0.98 -1.27
    2  1400  0.98 -1.28
    2  1420  0.98 -1.28
    2  1440  0.98 -1.28
    2  1460  0.98 -1.28
    2  1480  0.98 -1.28
    2  1500  0.98 -1.28
    2  1520  0.98 -1.28
    2  1540  0.98 -1.28
    2  1560  0.98 -1.28
    2  1580  0.98 -1.28
    2  1600  0.98 -1.28
    2  1601  0.98 -1.28
    2  1602  0.98 -1.28
    2  1603  0.98 -1.28
    2  1604  0.98 -1.28
    2  1605  0.98 -1.28
    2  1606  0.98 -1.28
    2  1607  0.98 -1.28
    2  1608  0.98 -1.28
    2  1609  0.98 -1.28
    2  1610  0.98 -1.28
    2  1611  0.98 -1.28
    2  1612  0.98 -1.28
    2  1613  0.98 -1.28
    2  1614  0.98 -1.28
    2  1615  0.98 -1.28
    2  1616  0.98 -1.28
    2  1617  0.98 -1.28
    2  1618  0.98 -1.28
    3   100  0.79 -1.08
    3   101  0.79 -1.08
    3   102  0.79 -1.08
    3   103  0.79 -1.08
    3   104  0.79 -1.08
    3   120  0.79 -1.08
    3   140  0.79 -1.08
    3   200  0.79 -1.08
    3   201  0.79 -1.08
    3   202  0.79 -1.08
    3   203  0.79 -1.08
    3   204  0.79 -1.08
    3   220  0.79 -1.08
    3   240  0.79 -1.08
    3   260  0.79 -1.08
    3   280  0.79 -1.08
    3   300  0.79 -1.08
    3   301  0.79 -1.08
    3   302  0.79 -1.08
    3   303  0.79 -1.08
    3   304  0.79 -1.08
    3   320  0.79 -1.08
    3   340  0.79 -1.08
    3   360  0.79 -1.08
    3   380  0.80 -1.09
    3   400  0.80 -1.09
    3   401  0.80 -1.09
    3   402  0.80 -1.09
    3   420  0.80 -1.09
    3   440  0.80 -1.09
    3   460  0.80 -1.09
    3   480  0.80 -1.09
    3   500  0.80 -1.09
    3   520  0.80 -1.09
    3   540  0.80 -1.09
    3   560  0.80 -1.09
    3   580  0.80 -1.09
    3   600  0.80 -1.09
    3   620  0.80 -1.09
    3   640  0.81 -1.10
    3   660  0.81 -1.10
    3   680  0.81 -1.10
    3   700  0.81 -1.10
    3   720  0.81 -1.10
    3   740  0.81 -1.10
    3   760  0.81 -1.10
    3   780  0.81 -1.10
    3   800  0.81 -1.10
    3   820  0.81 -1.10
    3   840  0.81 -1.10
    3   860  0.81 -1.10
    3   880  0.81 -1.10
    3   900  0.82 -1.11
    3   920  0.82 -1.11
    3   940  0.82 -1.11
    3   960  0.82 -1.11
    3   980  0.82 -1.11
    3  1000  0.82 -1.11
    3  1020  0.82 -1.11
    3  1040  0.83 -1.11
    3  1060  0.83 -1.11
    3  1080  0.83 -1.12
    3  1100  0.83 -1.12
    3  1120  0.83 -1.12
    3  1140  0.83 -1.12
    3  1160  0.84 -1.12
    3  1180  0.84 -1.12
    3  1200  0.84 -1.12
    3  1220  0.84 -1.12
    3  1240  0.84 -1.12
    3  1260  0.84 -1.12
    3  1280  0.84 -1.12
    3  1300  0.84 -1.12
    3  1320  0.84 -1.12
    3  1340  0.85 -1.12
    3  1360  0.85 -1.12
    3  1380  0.85 -1.12
    3  1400  0.85 -1.13
    3  1420  0.85 -1.13
    3  1440  0.85 -1.13
    3  1460  0.85 -1.13
    3  1480  0.85 -1.13
    3  1500  0.85 -1.13
    3  1520  0.85 -1.13
    3  1540  0.85 -1.13
    3  1560  0.86 -1.14
    3  1580  0.86 -1.14
    3  1600  0.86 -1.14
    3  1620  0.86 -1.14
    3  1640  0.86 -1.14
    3  1660  0.86 -1.14
    3  1680  0.86 -1.14
    3  1700  0.86 -1.14
    3  1720  0.86 -1.14
    3  1740  0.86 -1.14
    3  1760  0.86 -1.14
    3  1780  0.87 -1.15
    3  1800  0.87 -1.15
    3  1820  0.87 -1.15
    3  1840  0.87 -1.15
    3  1860  0.87 -1.15
    3  1880  0.87 -1.15
    3  1900  0.87 -1.15
    3  1920  0.87 -1.15
    3  1940  0.87 -1.15
    3  1960  0.88 -1.15
    3  1980  0.88 -1.15
    3  2000  0.88 -1.15
    3  2020  0.88 -1.15
    3  2040  0.88 -1.15
    3  2060  0.88 -1.15
    3  2080  0.88 -1.15
    3  2100  0.88 -1.16
    3  2120  0.88 -1.16
    3  2140  0.89 -1.16
    3  2160  0.89 -1.16
    3  2180  0.89 -1.16
    3  2200  0.89 -1.16
    3  2220  0.89 -1.16
    3  2240  0.89 -1.16
    3  2260  0.89 -1.16
    3  2280  0.89 -1.16
    3  2300  0.90 -1.17
    3  2320  0.90 -1.17
    3  2340  0.90 -1.17
    3  2360  0.90 -1.17
    3  2380  0.90 -1.17
    3  2400  0.90 -1.17
    3  2420  0.90 -1.17
    3  2440  0.90 -1.17
    3  2460  0.90 -1.17
    3  2480  0.90 -1.17
    3  2500  0.91 -1.18
    3  2501  0.91 -1.18
    3  2502  0.91 -1.18
    3  2503  0.91 -1.18
    3  2504  0.91 -1.18
    3  2505  0.91 -1.18
    3  2506  0.91 -1.18
    3  2507  0.91 -1.18
    3  2508  0.91 -1.18
    3  2509  0.91 -1.18
    3  2510  0.91 -1.18
    3  2511  0.91 -1.18
    3  2512  0.91 -1.18
    3  2513  0.91 -1.18
    3  2514  0.91 -1.18
    3  2515  0.91 -1.18
    3  2516  0.91 -1.18
    3  4600  0.78 -1.08
    3  4620  0.78 -1.08
    3  4640  0.78 -1.08
    3  4660  0.78 -1.08
    3  4680  0.78 -1.08
    3  4700  0.78 -1.08
    3  4720  0.78 -1.08
    3  4740  0.78 -1.08
    3  4760  0.78 -1.08
    3  4780  0.78 -1.08
    3  4800  0.78 -1.08
    3  4820  0.78 -1.08
    3  4840  0.78 -1.08
    3  4860  0.78 -1.08
    3  4880  0.78 -1.08
    3  4900  0.79 -1.08
    3  4901  0.79 -1.08
    3  4902  0.79 -1.08
    3  4916  0.79 -1.08
    3  4928  0.79 -1.08
    3  4941  0.79 -1.08
    3  4953  0.79 -1.08
    3  4966  0.79 -1.08
    4     0  0.78 -1.07
    4    20  0.78 -1.07
    4    40  0.78 -1.07
    4    60  0.78 -1.07
    4    80  0.78 -1.07
    4   100  0.78 -1.07
    4   101  0.78 -1.07
    4   102  0.78 -1.07
    4   103  0.78 -1.07
    4   104  0.78 -1.07
    4   105  0.78 -1.07
    4   106  0.78 -1.07
    4   107  0.78 -1.07
    4   108  0.78 -1.07
    4   120  0.78 -1.07
    4   140  0.78 -1.07
    4   160  0.78 -1.07
    4   180  0.78 -1.07
    4   200  0.79 -1.08
    4   220  0.79 -1.08
    4   240  0.79 -1.08
    4   260  0.79 -1.08
    4   280  0.79 -1.08
    4   300  0.79 -1.08
    4   320  0.79 -1.08
    4   340  0.79 -1.08
    4   360  0.80 -1.08
    4   380  0.80 -1.08
    4   400  0.80 -1.09
    4   420  0.80 -1.09
    4   440  0.80 -1.09
    4   460  0.80 -1.09
    4   480  0.80 -1.09
    4   500  0.80 -1.09
    4   501  0.80 -1.09
    4   502  0.80 -1.09
    4   503  0.80 -1.09
    4   504  0.80 -1.09
    4   520  0.80 -1.09
    4   540  0.80 -1.09
    4   560  0.80 -1.09
    4   580  0.80 -1.09
    4   600  0.81 -1.10
    4   620  0.81 -1.10
    4   640  0.81 -1.10
    4   660  0.81 -1.10
    4   680  0.81 -1.10
    4   700  0.81 -1.10
    4   720  0.81 -1.10
    4   740  0.81 -1.10
    4   760  0.81 -1.10
    4   780  0.81 -1.10
    4   800  0.81 -1.10
    4   820  0.81 -1.10
    4   840  0.81 -1.10
    4   860  0.81 -1.10
    4   880  0.81 -1.10
    4   900  0.82 -1.11
    4   920  0.82 -1.11
    4   940  0.82 -1.11
    4   960  0.82 -1.11
    4   980  0.82 -1.11
    4  1000  0.82 -1.11
    4  1020  0.82 -1.11
    4  1040  0.82 -1.11
    4  1060  0.82 -1.11
    4  1080  0.83 -1.12
    4  1100  0.83 -1.12
    4  1120  0.83 -1.12
    4  1140  0.83 -1.12
    4  1160  0.83 -1.12
    4  1180  0.83 -1.12
    4  1200  0.83 -1.12
    4  1220  0.83 -1.12
    4  1240  0.83 -1.12
    4  1260  0.83 -1.12
    4  1280  0.83 -1.12
    4  1300  0.83 -1.12
    4  1320  0.83 -1.12
    4  1340  0.84 -1.13
    4  1360  0.84 -1.13
    4  1380  0.84 -1.13
    4  1400  0.84 -1.13
    4  1420  0.84 -1.13
    4  1440  0.84 -1.13
    4  1460  0.84 -1.13
    4  1480  0.84 -1.13
    4  1500  0.84 -1.14
    4  1520  0.84 -1.14
    4  1540  0.85 -1.14
    4  1560  0.85 -1.14
    4  1580  0.85 -1.14
    4  1600  0.85 -1.14
    4  1620  0.85 -1.14
    4  1640  0.85 -1.14
    4  1660  0.85 -1.14
    4  1680  0.85 -1.14
    4  1700  0.85 -1.14
    4  1720  0.85 -1.14
    4  1740  0.85 -1.14
    4  1760  0.86 -1.14
    4  1780  0.86 -1.14
    4  1800  0.86 -1.15
    4  1820  0.86 -1.15
    4  1840  0.86 -1.15
    4  1860  0.86 -1.15
    4  1880  0.86 -1.15
    4  1900  0.86 -1.15
    4  1920  0.86 -1.15
    4  1940  0.87 -1.15
    4  1960  0.87 -1.15
    4  1980  0.87 -1.15
    4  2000  0.87 -1.16
    4  2020  0.87 -1.16
    4  2040  0.87 -1.16
    4  2060  0.87 -1.16
    4  2080  0.87 -1.16
    4  2100  0.87 -1.16
    4  2120  0.87 -1.16
    4  2140  0.88 -1.16
    4  2160  0.88 -1.16
    4  2180  0.88 -1.16
    4  2200  0.88 -1.17
    4  2220  0.88 -1.17
    4  2240  0.88 -1.17
    4  2260  0.88 -1.17
    4  2280  0.88 -1.17
    4  2300  0.88 -1.17
    4  2320  0.89 -1.17
    4  2340  0.89 -1.17
    4  2360  0.89 -1.17
    4  2380  0.89 -1.17
    4  2400  0.89 -1.17
    4  2420  0.89 -1.17
    4  2440  0.89 -1.17
    4  2460  0.89 -1.17
    4  2480  0.89 -1.17
    4  2500  0.90 -1.18
    4  2520  0.90 -1.18
    4  2540  0.90 -1.18
    4  2560  0.90 -1.18
    4  2580  0.90 -1.18
    4  2600  0.90 -1.18
    4  2620  0.90 -1.18
    4  2640  0.90 -1.18
    4  2660  0.90 -1.18
    4  2680  0.90 -1.18
    4  2700  0.91 -1.19
    4  2720  0.91 -1.19
    4  2740  0.91 -1.19
    4  2760  0.91 -1.19
    4  2780  0.91 -1.19
    4  2800  0.91 -1.19
    4  2820  0.91 -1.19
    4  2840  0.91 -1.19
    4  2860  0.91 -1.19
    4  2861  0.91 -1.19
    4  2862  0.91 -1.19
    4  2863  0.91 -1.19
    4  2864  0.91 -1.19
    4  2865  0.91 -1.19
    4  2866  0.91 -1.19
    4  2867  0.91 -1.19
    4  2868  0.91 -1.19
    4  2869  0.91 -1.19
    4  2870  0.91 -1.19
    4  2881  0.92 -1.20
    4  2905  0.92 -1.20
    4  2921  0.92 -1.20
    4  2941  0.92 -1.20
    4  2961  0.92 -1.20
    4  5902  0.78 -1.07
    4  5903  0.78 -1.07
    4  5904  0.78 -1.07
    4  5905  0.78 -1.07
    4  5906  0.78 -1.07
    4  5907  0.78 -1.07
    4  5908  0.78 -1.07
    4  5909  0.78 -1.07
    4  5910  0.78 -1.07
    4  5911  0.78 -1.07
    4  5912  0.78 -1.07
    4  5913  0.78 -1.07
    4  5914  0.78 -1.07
    4  5915  0.78 -1.07
    4  5916  0.78 -1.07
    5  3300  0.78 -1.07
    5  3320  0.78 -1.07
    5  3340  0.78 -1.07
    5  3360  0.78 -1.07
    5  3380  0.78 -1.07
    5  3400  0.78 -1.07
    5  3420  0.78 -1.07
    5  3440  0.78 -1.07
    5  3460  0.78 -1.07
    5  3480  0.78 -1.07
    5  3500  0.78 -1.07
    5  3501  0.78 -1.07
    5  3502  0.78 -1.07
    5  3503  0.78 -1.07
    5  3504  0.78 -1.07
    5  3505  0.78 -1.07
    5  3506  0.78 -1.07
    5  3507  0.78 -1.07
    5  3508  0.78 -1.07
    5  3509  0.78 -1.07
    5  3510  0.78 -1.07
    5  3511  0.78 -1.07
    5  3512  0.78 -1.07
    5  3513  0.78 -1.07
    5  3514  0.78 -1.07
    5  3515  0.78 -1.07
    5  3516  0.78 -1.07
    5  3520  0.78 -1.07
    5  3540  0.78 -1.07
    5  3560  0.78 -1.07
    5  3580  0.78 -1.07
    5  3600  0.78 -1.07
    5  3620  0.78 -1.07
    5  3640  0.78 -1.07
    5  3660  0.78 -1.07
    5  3680  0.78 -1.07
    5  3700  0.78 -1.07
    5  3720  0.78 -1.07
    5  3740  0.78 -1.07
    5  3760  0.78 -1.07
    5  3780  0.78 -1.07
    5  3800  0.78 -1.07
    5  3820  0.78 -1.07
    5  3840  0.78 -1.07
    5  3860  0.78 -1.07
    5  3880  0.78 -1.07
    5  3900  0.78 -1.07
    5  3920  0.78 -1.07
    5  3940  0.78 -1.07
    5  3960  0.78 -1.07
    5  3980  0.78 -1.07
    5  4000  0.78 -1.07
    5  4020  0.78 -1.07
    5  4040  0.78 -1.07
    5  4060  0.78 -1.07
    5  4098  0.78 -1.07
    5  4128  0.78 -1.07
    5  4158  0.78 -1.07
    5  4187  0.78 -1.07
    5  4217  0.78 -1.07
    5  4239  0.78 -1.07
    5  4253  0.78 -1.07
    5  4266  0.78 -1.07
    5  4279  0.78 -1.07
    5  4293  0.78 -1.07
    5  4307  0.78 -1.07
    5  4322  0.78 -1.08
    5  4340  0.78 -1.08
    5  4358  0.78 -1.08
    5  4377  0.78 -1.08
    5  4395  0.78 -1.08
    5  4414  0.78 -1.08
    5  4432  0.78 -1.08
    5  4451  0.78 -1.08
    5  4467  0.78 -1.08
    5  4485  0.78 -1.08
    5  4500  0.78 -1.08
    5  4519  0.78 -1.08
    5  4537  0.78 -1.08
    5  4554  0.78 -1.08
    5  4572  0.78 -1.08
    5  4591  0.78 -1.08
    5  4609  0.78 -1.08
    5  4627  0.78 -1.08
    5  4645  0.78 -1.08
    5  4663  0.78 -1.08
    5  4681  0.78 -1.08
    5  4700  0.78 -1.08
    5  4718  0.78 -1.08
    5  4735  0.78 -1.08
    5  4753  0.78 -1.08
    5  4772  0.78 -1.08
    5  4789  0.78 -1.08
    5  4808  0.78 -1.08
    5  4825  0.78 -1.08
    5  4844  0.78 -1.08
    5  4862  0.78 -1.08
    5  4880  0.78 -1.08
    5  4898  0.78 -1.08
    5  4915  0.78 -1.08
    5  4933  0.78 -1.08
    5  4952  0.78 -1.08
    5  4970  0.78 -1.08
    5  4988  0.78 -1.08
    5  5005  0.78 -1.08
    5  5023  0.78 -1.08
    5  5041  0.78 -1.08
    5  5059  0.78 -1.08
    5  5077  0.78 -1.08
    5  5095  0.78 -1.08
    5  5113  0.78 -1.08
    5  5129  0.78 -1.08
    5  5146  0.78 -1.08
    5  5165  0.78 -1.08
    5  5175  0.78 -1.08
    5  5185  0.78 -1.08
    5  5200  0.78 -1.08
    5  5212  0.78 -1.08
    5  5250  0.78 -1.08
    5  5289  0.78 -1.08
    5  5329  0.78 -1.08
    5  5345  0.78 -1.08
    5  5353  0.78 -1.08
    5  5360  0.78 -1.08
    5  5374  0.78 -1.08
    5  5379  0.78 -1.08
    5  5384  0.78 -1.08
    5  5390  0.78 -1.08
    5  5395  0.78 -1.08
    5  5400  0.78 -1.08
    5  5405  0.78 -1.08
    5  5410  0.78 -1.08
    5  5415  0.78 -1.08
    5  5420  0.78 -1.08
    5  5440  0.78 -1.08
    5  5460  0.78 -1.08
    6   416  0.61 -0.83
    6   440  0.61 -0.83
    6   460  0.61 -0.83
    6   480  0.61 -0.83
    6   500  0.62 -0.83
    6   520  0.62 -0.84
    6   540  0.62 -0.84
    6   560  0.62 -0.84
    6   580  0.62 -0.84
    6   600  0.63 -0.84
    6   601  0.63 -0.84
    6   602  0.63 -0.84
    6   603  0.63 -0.84
    6   604  0.63 -0.84
    6   605  0.63 -0.84
    6   606  0.63 -0.84
    6   607  0.63 -0.84
    6   608  0.63 -0.84
    6   609  0.63 -0.84
    6   700  0.63 -0.85
    6   701  0.63 -0.85
    6   702  0.63 -0.85
    6   703  0.63 -0.85
    6   704  0.63 -0.85
    6   705  0.63 -0.85
    6   706  0.63 -0.85
    6   707  0.63 -0.85
    6   708  0.63 -0.85
    6   709  0.63 -0.85
    6   800  0.63 -0.86
    6   820  0.63 -0.86
    6   840  0.63 -0.86
    6   860  0.63 -0.86
    6   880  0.64 -0.86
    6   900  0.64 -0.87
    6   915  0.64 -0.87
    6   930  0.64 -0.87
    6   945  0.64 -0.87
    6   960  0.64 -0.87
    6   976  0.64 -0.87
    6  1000  0.65 -0.88
    6  1001  0.65 -0.88
    6  1013  0.65 -0.88
    6  1033  0.65 -0.88
    6  1053  0.65 -0.88
    6  1073  0.65 -0.88
    6  1093  0.65 -0.88
    6  1108  0.65 -0.89
    6  1128  0.65 -0.89
    6  1148  0.65 -0.89
    6  1168  0.65 -0.89
    6  1190  0.65 -0.89
    6  1210  0.66 -0.90
    6  1230  0.66 -0.90
    6  1249  0.66 -0.90
    6  1269  0.66 -0.90
    6  1289  0.66 -0.90
    6  1298  0.66 -0.90
    6  1312  0.66 -0.90
    6  1332  0.66 -0.90
    6  1352  0.67 -0.91
    6  1372  0.67 -0.91
    6  1392  0.67 -0.91
    6  1410  0.67 -0.91
    6  1430  0.67 -0.91
    6  1450  0.68 -0.92
    6  1470  0.68 -0.92
    6  1490  0.68 -0.92
    6  1506  0.68 -0.92
    6  1526  0.68 -0.92
    6  1546  0.68 -0.93
    6  1566  0.68 -0.93
    6  1586  0.68 -0.93
    6  1604  0.69 -0.93
    6  1624  0.69 -0.93
    6  1644  0.69 -0.93
    6  1664  0.69 -0.94
    6  1684  0.69 -0.94
    6  1694  0.69 -0.94
    6  1703  0.69 -0.94
    6  1723  0.69 -0.94
    6  1743  0.69 -0.94
    6  1763  0.69 -0.95
    6  1778  0.69 -0.95
    6  1793  0.70 -0.95
    6  1813  0.70 -0.95
    6  1833  0.70 -0.95
    6  1853  0.70 -0.95
    6  1873  0.70 -0.95
    6  1893  0.70 -0.96
    6  1912  0.70 -0.96
    6  1932  0.70 -0.96
    6  1952  0.71 -0.96
    6  1972  0.71 -0.97
    6  1992  0.71 -0.97
    6  2011  0.71 -0.97
    6  2031  0.71 -0.97
    6  2051  0.71 -0.97
    6  2071  0.71 -0.97
    6  2091  0.72 -0.98
    6  2111  0.72 -0.98
    6  2131  0.72 -0.98
    6  2151  0.72 -0.98
    6  2171  0.72 -0.98
    6  2191  0.72 -0.98
    6  2211  0.73 -0.99
    6  2231  0.73 -0.99
    6  2251  0.73 -0.99
    6  2271  0.73 -0.99
    6  2291  0.73 -0.99
    6  2300  0.73 -1.00
    6  2320  0.73 -1.00
    6  2340  0.73 -1.00
    6  2360  0.73 -1.00
    6  2380  0.73 -1.00
    6  2400  0.74 -1.01
    6  2420  0.74 -1.01
    6  2440  0.74 -1.01
    6  2460  0.74 -1.01
    6  2480  0.74 -1.01
    6  2500  0.75 -1.01
    6  2520  0.75 -1.01
    6  2540  0.75 -1.01
    6  2560  0.75 -1.02
    6  2580  0.75 -1.02
    6  2600  0.75 -1.02
    6  2620  0.75 -1.02
    6  2640  0.75 -1.02
    6  2660  0.75 -1.03
    6  2680  0.75 -1.03
    6  2700  0.75 -1.03
    6  2720  0.75 -1.03
    6  2740  0.76 -1.03
    6  2760  0.76 -1.04
    6  2780  0.76 -1.04
    6  2800  0.76 -1.04
    6  2820  0.76 -1.04
    6  2840  0.76 -1.04
    6  2860  0.77 -1.05
    6  2880  0.77 -1.05
    6  2900  0.77 -1.05
    6  2901  0.77 -1.05
    6  2917  0.77 -1.05
    6  2937  0.77 -1.05
    6  2957  0.77 -1.06
    6  2977  0.77 -1.06
    6  3001  0.78 -1.06
    6  3021  0.78 -1.06
    6  3041  0.78 -1.06
    6  3061  0.78 -1.06
    6  3081  0.78 -1.06
    6  3100  0.78 -1.07
    6  3101  0.78 -1.07
    6  3102  0.78 -1.07
    6  3103  0.78 -1.07
    6  3104  0.78 -1.07
    6  3105  0.78 -1.07
    6  3106  0.78 -1.07
    6  3107  0.78 -1.07
    6  3108  0.78 -1.07
    6  3109  0.78 -1.07
    6  3110  0.79 -1.07
    6  3200  0.79 -1.07
    6  3212  0.79 -1.07
    6  3232  0.79 -1.07
    6  3252  0.79 -1.07
    6  3272  0.79 -1.07
    6  3292  0.79 -1.07
    6  3312  0.79 -1.07
    6  3332  0.79 -1.07
    6  3352  0.79 -1.07
    6  3372  0.79 -1.07
    6  3390  0.79 -1.07
    6  3412  0.79 -1.07
    6  3432  0.79 -1.07
    6  3452  0.79 -1.07
    7    20  0.54 -0.83
    7    30  0.54 -0.83
    7    50  0.54 -0.83
    7    70  0.54 -0.83
    7    90  0.55 -0.83
    7   110  0.55 -0.83
    7   130  0.55 -0.83
    7   150  0.55 -0.83
    7   170  0.55 -0.83
    7   190  0.55 -0.83
    7   210  0.55 -0.83
    7   230  0.55 -0.83
    7   249  0.56 -0.83
    7   269  0.56 -0.83
    7   289  0.56 -0.83
    7   308  0.56 -0.83
    7   328  0.57 -0.83
    7   348  0.57 -0.83
    7   369  0.57 -0.83
    7   390  0.57 -0.83
    7   409  0.57 -0.83
    7   429  0.58 -0.83
    7   449  0.58 -0.83
    7   469  0.58 -0.83
    7   489  0.58 -0.83
    7   508  0.58 -0.83
    7   528  0.58 -0.83
    7   548  0.58 -0.83
    7   568  0.58 -0.83
    7   588  0.58 -0.83
    7   608  0.59 -0.83
    7   628  0.59 -0.83
    7   648  0.59 -0.83
    7   668  0.59 -0.83
    7   689  0.59 -0.83
    7   708  0.60 -0.83
    7   728  0.60 -0.83
    7   748  0.60 -0.83
    7   768  0.60 -0.83
    7   789  0.60 -0.83
    7   808  0.60 -0.83
    7   827  0.60 -0.83
    7   848  0.61 -0.83
    7   869  0.61 -0.83
    7   889  0.61 -0.83
    7   908  0.61 -0.83
    7   928  0.61 -0.83
    7   948  0.61 -0.83
    7   968  0.61 -0.83
    7   984  0.61 -0.83
    7  1000  0.62 -0.83
    7  1016  0.62 -0.83
    7  1031  0.62 -0.83
    7  1047  0.62 -0.83
    7  1062  0.62 -0.83
    7  1078  0.62 -0.83
    7  1093  0.62 -0.83
    7  1108  0.63 -0.84
    7  1123  0.63 -0.84
    7  1137  0.63 -0.84
    7  1152  0.63 -0.84
    7  1167  0.63 -0.84
    7  1182  0.63 -0.84
    7  1197  0.63 -0.84
    7  1213  0.64 -0.84
    7  1228  0.64 -0.84
    7  1243  0.64 -0.84
    7  1258  0.64 -0.84
    7  1273  0.64 -0.84
    7  1288  0.64 -0.84
    7  1303  0.64 -0.84
    7  1320  0.64 -0.84
    7  1340  0.64 -0.84
    7  1360  0.65 -0.84
    7  1381  0.65 -0.84
    7  1401  0.65 -0.84
    7  1421  0.65 -0.84
    7  1442  0.65 -0.84
    7  1462  0.65 -0.84
    7  1483  0.65 -0.84
    7  1503  0.66 -0.84
    7  1524  0.66 -0.84
    7  1544  0.66 -0.84
    7  1565  0.66 -0.84
    7  1585  0.66 -0.84
    7  1606  0.67 -0.84
    7  1626  0.67 -0.84
    7  1647  0.67 -0.84
    7  1668  0.67 -0.84
    7  1688  0.67 -0.84
    7  1708  0.67 -0.84
    7  1729  0.67 -0.84
    7  1748  0.67 -0.84
    7  1763  0.68 -0.84
    7  1777  0.68 -0.84
    7  1791  0.68 -0.84
    7  1808  0.68 -0.84
    7  1827  0.68 -0.84
    7  1844  0.68 -0.84
    7  1862  0.69 -0.84
    7  1880  0.69 -0.84
    7  1896  0.69 -0.84
    7  1910  0.69 -0.84
    7  1925  0.69 -0.84
    7  1940  0.69 -0.84
    7  1955  0.69 -0.84
    7  1969  0.69 -0.84
    7  1983  0.69 -0.84
    7  1996  0.69 -0.84
    7  2009  0.70 -0.85
    7  2023  0.70 -0.85
    7  2041  0.70 -0.85
    7  2058  0.70 -0.85
    7  2071  0.70 -0.85
    7  2083  0.70 -0.85
    7  2100  0.70 -0.85
    7  2123  0.70 -0.85
    7  2146  0.70 -0.85
    7  2173  0.70 -0.85
    7  2200  0.71 -0.85
    7  2225  0.71 -0.85
    7  2251  0.71 -0.85
    7  2263  0.71 -0.85
    7  2283  0.71 -0.85
    7  2300  0.71 -0.84
    7  2317  0.71 -0.84
    7  2332  0.71 -0.84
    7  2345  0.72 -0.84
    7  2358  0.72 -0.84
    7  2371  0.72 -0.84
    7  2386  0.72 -0.84
    7  2400  0.72 -0.84
    7  2415  0.72 -0.84
    7  2427  0.72 -0.84
    7  2440  0.72 -0.84
    7  2454  0.72 -0.84
    7  2469  0.72 -0.84
    7  2487  0.72 -0.84
    7  2500  0.73 -0.84
    7  2512  0.73 -0.84
    7  2531  0.73 -0.84
    7  2557  0.73 -0.84
    7  2582  0.73 -0.84
    7  2606  0.73 -0.83
    7  2629  0.73 -0.83
    7  2654  0.73 -0.83
    7  2677  0.73 -0.83
    7  2700  0.74 -0.83
    7  2716  0.74 -0.83
    7  2732  0.74 -0.83
    7  2747  0.74 -0.83
    7  2764  0.74 -0.83
    7  2782  0.74 -0.83
    7  2800  0.75 -0.83
    7  2816  0.75 -0.83
    7  2832  0.75 -0.83
    7  2847  0.75 -0.83
    7  2864  0.75 -0.83
    7  2882  0.75 -0.83
    7  2900  0.75 -0.82
    7  2923  0.75 -0.82
    7  2945  0.75 -0.82
    7  2965  0.75 -0.82
    7  2987  0.75 -0.82
    7  3000  0.76 -0.82
    7  3025  0.76 -0.82
    7  3050  0.76 -0.82
    7  3075  0.76 -0.82
    7  3100  0.76 -0.82
    7  3125  0.76 -0.82
    7  3150  0.76 -0.82
    7  3175  0.76 -0.82
    7  3200  0.77 -0.81
    7  3225  0.77 -0.81
    7  3250  0.77 -0.81
    7  3275  0.77 -0.81
    7  3300  0.78 -0.81
    7  3325  0.78 -0.81
    7  3350  0.78 -0.81
    7  3375  0.78 -0.81
    7  3400  0.78 -0.81
    7  3425  0.78 -0.81
    7  3450  0.78 -0.81
    7  3475  0.78 -0.81
    7  3500  0.79 -0.81
    7  3525  0.79 -0.81
    7  3550  0.79 -0.81
    7  3575  0.79 -0.81
    7  3600  0.79 -0.80
    7  3625  0.79 -0.80
    7  3650  0.79 -0.80
    7  3675  0.79 -0.80
    7  3700  0.80 -0.80
    7  3725  0.80 -0.80
    7  3750  0.80 -0.80
    7  3775  0.80 -0.80
    7  3800  0.80 -0.80
    7  3825  0.80 -0.80
    7  3850  0.81 -0.80
    7  3875  0.81 -0.80
    7  3900  0.81 -0.79
    7  3925  0.81 -0.79
    7  3950  0.81 -0.79
    7  3975  0.81 -0.79
    7  4000  0.82 -0.79
    7  4025  0.82 -0.79
    7  4050  0.82 -0.79
    7  4075  0.82 -0.79
    7  4100  0.82 -0.79
    7  4125  0.82 -0.79
    7  4150  0.83 -0.79
    7  4175  0.83 -0.79
    7  4200  0.83 -0.79
    7  4225  0.83 -0.78
    7  4250  0.83 -0.78
    7  4275  0.83 -0.78
    7  4300  0.84 -0.78
    7  4325  0.84 -0.78
    7  4350  0.84 -0.78
    7  4375  0.84 -0.78
    7  4400  0.84 -0.78
    7  4425  0.85 -0.78
    7  4450  0.85 -0.78
    7  4475  0.85 -0.78
    7  4500  0.85 -0.78
    7  4525  0.85 -0.78
    7  4550  0.85 -0.78
    7  4575  0.85 -0.78
    7  4600  0.85 -0.77
    7  4625  0.85 -0.77
    7  4650  0.86 -0.77
    7  4675  0.86 -0.77
    7  4700  0.86 -0.77
    7  4725  0.86 -0.77
    7  4750  0.86 -0.77
    7  4775  0.86 -0.77
    7  4800  0.86 -0.77
    7  4825  0.86 -0.77
    7  4850  0.87 -0.76
    7  4875  0.87 -0.76
    7  4900  0.87 -0.76
    7  4925  0.87 -0.76
    7  4950  0.88 -0.76
    7  4975  0.88 -0.76
    7  5000  0.88 -0.76
    7  5025  0.88 -0.76
    7  5050  0.88 -0.76
    7  5075  0.88 -0.76
    7  5100  0.88 -0.76
    7  5125  0.88 -0.76
    7  5150  0.89 -0.76
    7  5175  0.89 -0.76
    7  5200  0.89 -0.75
    7  5225  0.89 -0.75
    7  5250  0.89 -0.75
    7  5275  0.89 -0.75
    7  5300  0.90 -0.75
    7  5325  0.90 -0.75
    7  5350  0.90 -0.75
    7  5375  0.90 -0.75
    7  5400  0.90 -0.75
    7  5425  0.90 -0.75
    7  5450  0.90 -0.75
    7  5475  0.90 -0.75
    7  5500  0.90 -0.75
    8  5625  0.92 -0.74
    8  5650  0.92 -0.74
    8  5675  0.92 -0.74
    8  5700  0.92 -0.74
    8  5725  0.92 -0.74
    8  5750  0.92 -0.74
    8  5775  0.92 -0.74
    8  5800  0.92 -0.74
    8  5825  0.92 -0.74
    8  5850  0.92 -0.74
    8  5875  0.92 -0.74
    8  5900  0.92 -0.74
    8  5925  0.92 -0.74
    8  5950  0.92 -0.74
    8  5975  0.92 -0.74
    8  6000  0.92 -0.74
    8  6025  0.92 -0.74
    8  6050  0.92 -0.74
    8  6075  0.92 -0.74
    8  6100  0.92 -0.74
    8  6125  0.92 -0.74
    8  6150  0.92 -0.74
    8  6175  0.92 -0.74
    8  6200  0.92 -0.74
    8  6225  0.92 -0.74
    8  6250  0.92 -0.74
    8  6275  0.92 -0.74
    8  6300  0.92 -0.74
    8  6325  0.92 -0.74
    8  6350  0.92 -0.74
    8  6375  0.92 -0.74
    8  6400  0.92 -0.74
    8  6425  0.92 -0.74
    8  6450  0.93 -0.74
    8  6475  0.93 -0.74
    8  6500  0.93 -0.74
    8  6525  0.93 -0.74
    8  6550  0.93 -0.74
    8  6575  0.93 -0.74
    8  6600  0.93 -0.74
    8  6625  0.93 -0.74
    8  6650  0.93 -0.74
    8  6675  0.93 -0.74
    8  6700  0.93 -0.74
    8  6725  0.93 -0.74
    8  6750  0.93 -0.74
    8  6775  0.93 -0.74
    8  6800  0.93 -0.74
    8  6825  0.94 -0.74
    8  6850  0.94 -0.74
    8  6875  0.94 -0.74
    8  6900  0.94 -0.74
    8  6925  0.94 -0.74
    8  6950  0.94 -0.74
    8  6975  0.94 -0.74
    8  7000  0.94 -0.73
    8  7025  0.94 -0.73
    8  7050  0.94 -0.73
    8  7075  0.94 -0.73
    8  7100  0.94 -0.73
    8  7125  0.94 -0.73
    8  7150  0.94 -0.73
    8  7175  0.94 -0.73
    8  7200  0.94 -0.73
    8  7225  0.94 -0.73
    8  7250  0.94 -0.73
    8  7275  0.94 -0.73
    8  7300  0.95 -0.73
    8  7325  0.95 -0.73
    8  7350  0.95 -0.73
    8  7375  0.95 -0.73
    8  7400  0.95 -0.73
    8  7425  0.95 -0.73
    8  7450  0.95 -0.73
    8  7475  0.95 -0.73
    8  7500  0.95 -0.73
    8  7525  0.95 -0.73
    8  7550  0.95 -0.73
    8  7575  0.95 -0.73
    8  7600  0.95 -0.73
    8  7625  0.95 -0.73
    8  7650  0.95 -0.73
    8  7675  0.95 -0.73
    8  7700  0.95 -0.73
    8  7725  0.95 -0.73
    8  7750  0.95 -0.73
    8  7775  0.95 -0.73
    8  7800  0.95 -0.73
    8  7825  0.95 -0.73
    8  7850  0.95 -0.73
    8  7875  0.95 -0.73
    8  7900  0.95 -0.73
    8  7925  0.95 -0.73
    8  7950  0.95 -0.73
    8  7975  0.95 -0.73
    8  8000  0.95 -0.73
    8  8025  0.95 -0.73
    8  8050  0.95 -0.73
    8  8075  0.95 -0.73
    8  8100  0.95 -0.73
    8  8125  0.95 -0.73
    8  8150  0.95 -0.73
    8  8175  0.95 -0.73
    8  8200  0.95 -0.73
    8  8225  0.95 -0.73
    8  8250  0.95 -0.73
    8  8275  0.95 -0.73
    8  8300  0.95 -0.73
    8  8325  0.95 -0.73
    8  8350  0.95 -0.73
    8  8375  0.95 -0.73
    8  8400  0.96 -0.73
    8  8425  0.96 -0.73
    8  8450  0.96 -0.73
    8  8475  0.96 -0.73
    8  8500  0.96 -0.73
    8  8525  0.96 -0.73
    8  8550  0.96 -0.73
    8  8575  0.96 -0.73
    8  8600  0.96 -0.73
    8  8625  0.96 -0.73
    8  8650  0.96 -0.73
    8  8675  0.96 -0.73
    8  8700  0.96 -0.73
    8  8725  0.96 -0.73
    8  8750  0.96 -0.73
    8  8775  0.96 -0.73
    8  8800  0.97 -0.73
    8  8825  0.97 -0.73
    8  8850  0.97 -0.73
    8  8875  0.97 -0.73
    8  8900  0.97 -0.73
    8  8925  0.97 -0.73
    8  8950  0.97 -0.73
    8  8975  0.97 -0.73
    8  9000  0.97 -0.73
    8  9025  0.97 -0.73
    8  9050  0.97 -0.73
    8  9075  0.97 -0.73
    8  9100  0.97 -0.73
    8  9125  0.97 -0.73
    8  9150  0.97 -0.73
    8  9175  0.97 -0.73
    8  9200  0.98 -0.73
    8  9225  0.98 -0.73
    8  9250  0.98 -0.73
    8  9275  0.98 -0.73
    8  9300  0.98 -0.73
    8  9325  0.98 -0.73
    8  9350  0.98 -0.73
    8  9375  0.98 -0.73
    8  9400  0.98 -0.73
    8  9425  0.98 -0.73
    8  9450  0.98 -0.73
    8  9475  0.98 -0.73
    8  9500  0.98 -0.72
    8  9525  0.98 -0.72
    8  9550  0.98 -0.72
    8  9575  0.98 -0.72
    8  9600  0.98 -0.72
    8  9625  0.98 -0.72
    8  9650  0.98 -0.72
    8  9675  0.98 -0.72
    8  9700  0.98 -0.72
    8  9725  0.98 -0.72
    9  9750  0.98 -0.72
    9  9770  0.98 -0.72
    9  9795  0.99 -0.72
    9  9830  0.99 -0.72
    9  9875  0.99 -0.72
    9  9925  0.99 -0.72
    9  9975  0.99 -0.72
    9 10025  1.00 -0.72
    9 10075  1.00 -0.72
    9 10125  1.00 -0.72
    9 10140  1.00 -0.72
    9 10200  1.00 -0.72
    9 10217  1.00 -0.72
    9 10235  1.00 -0.72
    9 10288  1.00 -0.71
    9 10338  1.00 -0.71
    9 10391  1.01 -0.71
    9 10437  1.01 -0.71
    9 10468  1.01 -0.71
    9 10488  1.01 -0.71
    9 10507  1.01 -0.70
    9 10527  1.01 -0.70
    9 10547  1.01 -0.70
    9 10567  1.01 -0.70
    9 10592  1.01 -0.70
    9 10623  1.01 -0.70
    9 10653  1.01 -0.70
    9 10683  1.01 -0.70
    9 10713  1.02 -0.69
    9 10743  1.02 -0.69
    9 10773  1.02 -0.69
    9 10807  1.02 -0.69
    9 10845  1.02 -0.69
    9 10883  1.02 -0.69
    9 10920  1.02 -0.68
    9 10958  1.02 -0.68
    9 10996  1.03 -0.68
    9 11034  1.03 -0.68
    9 11072  1.03 -0.67
    9 11109  1.03 -0.67
    9 11147  1.03 -0.67
    9 11176  1.03 -0.67
    9 11196  1.03 -0.67
    9 11221  1.03 -0.66
    9 11244  1.03 -0.66
    9 11263  1.03 -0.66
    9 11282  1.03 -0.66
    9 11301  1.04 -0.66
    9 11319  1.04 -0.66
    9 11338  1.04 -0.66
    9 11356  1.04 -0.65
    9 11375  1.04 -0.65
    9 11394  1.04 -0.65
    9 11412  1.04 -0.65
    9 11431  1.04 -0.65
    9 11450  1.04 -0.65
    9 11469  1.04 -0.65
    9 11488  1.04 -0.65
    9 11510  1.04 -0.65
    9 11535  1.04 -0.65
    9 11560  1.04 -0.65
    9 11586  1.04 -0.65
    9 11611  1.04 -0.65
    9 11636  1.04 -0.65
    9 11662  1.04 -0.65
    9 11687  1.04 -0.65
    9 11700  1.05 -0.64
    9 11725  1.05 -0.64
    9 11750  1.05 -0.64
    9 11775  1.05 -0.64
    9 11800  1.05 -0.64
    9 11825  1.05 -0.64
    9 11850  1.05 -0.64
   10     0  1.05 -0.64
   10    13  1.05 -0.64
   10    25  1.05 -0.64
   10    38  1.05 -0.64
   10    50  1.05 -0.65
   10    68  1.05 -0.65
   10    75  1.05 -0.65
   10    88  1.05 -0.65
   10   100  1.06 -0.65
   10   120  1.06 -0.65
   10   140  1.06 -0.65
   10   160  1.06 -0.66
   10   180  1.06 -0.66
   10   200  1.07 -0.66
   10   220  1.07 -0.66
   10   240  1.07 -0.66
   10   260  1.07 -0.66
   10   280  1.08 -0.68
   10   300  1.08 -0.68
   10   320  1.09 -0.68
   10   340  1.09 -0.68
   10   360  1.09 -0.68
   10   380  1.09 -0.68
   10   400  1.10 -0.68
   10   420  1.10 -0.69
   10   440  1.10 -0.69
   10   460  1.10 -0.69
   10   480  1.10 -0.69
   10   500  1.11 -0.69
   10   520  1.11 -0.70
   10   540  1.11 -0.70
   10   560  1.11 -0.70
   10   580  1.12 -0.71
   10   600  1.12 -0.71
   10   620  1.12 -0.71
   10   641  1.12 -0.71
   10   661  1.13 -0.71
   10   681  1.13 -0.71
   10   701  1.14 -0.71
   10   721  1.14 -0.71
   10   741  1.14 -0.71
   10   761  1.14 -0.72
   10   781  1.14 -0.72
   10   801  1.15 -0.72
   10   821  1.15 -0.72
   10   841  1.15 -0.73
   10   861  1.15 -0.73
   10   881  1.16 -0.73
   10   901  1.16 -0.73
   10   921  1.16 -0.74
   10   941  1.16 -0.74
   10   961  1.17 -0.74
   10   976  1.17 -0.74
   10   989  1.17 -0.74
   10  1002  1.17 -0.75
   10  1015  1.17 -0.75
   10  1028  1.17 -0.75
   10  1041  1.17 -0.75
   10  1054  1.17 -0.75
   10  1067  1.18 -0.75
   10  1081  1.18 -0.75
   10  1093  1.18 -0.75
   10  1106  1.18 -0.75
   10  1119  1.18 -0.75
   10  1132  1.19 -0.76
   10  1143  1.19 -0.76
   10  1150  1.19 -0.76
   10  1170  1.19 -0.76
   10  1190  1.20 -0.77
   10  1210  1.20 -0.77
   10  1230  1.20 -0.77
   10  1250  1.20 -0.77
   10  1270  1.20 -0.77
   10  1290  1.20 -0.77
   10  1310  1.21 -0.78
   10  1330  1.21 -0.78
   10  1350  1.21 -0.78
   10  1370  1.21 -0.78
   10  1390  1.21 -0.78
   10  1410  1.21 -0.78
   10  1430  1.21 -0.78
   10  1437  1.21 -0.78
   10  1450  1.21 -0.78
   10  1470  1.21 -0.78
   10  1490  1.21 -0.78
   10  1510  1.21 -0.78
   10  1530  1.21 -0.78
   10  1550  1.21 -0.78
   10  1570  1.21 -0.78
   10  1590  1.21 -0.78
   10  1610  1.21 -0.78
   11   620  1.12 -0.64
   11   640  1.12 -0.64
   11   660  1.13 -0.64
   11   680  1.13 -0.64
   11   700  1.14 -0.65
   11   720  1.14 -0.65
   11   740  1.14 -0.65
   11   760  1.14 -0.65
   11   780  1.14 -0.65
   11   800  1.15 -0.66
   11   820  1.15 -0.66
   11   840  1.15 -0.66
   11   860  1.16 -0.67
   11   880  1.16 -0.67
   11   900  1.16 -0.67
   11   920  1.16 -0.67
   11   940  1.16 -0.67
   11   960  1.17 -0.68
   11  1000  1.17 -0.68
   11  1001  1.17 -0.69
   11  1002  1.17 -0.69
   11  1003  1.17 -0.69
   11  1004  1.17 -0.69
   11  1040  1.17 -0.69
   11  1060  1.18 -0.70
   11  1080  1.18 -0.70
   11  1100  1.18 -0.70
   11  1120  1.19 -0.71
   11  1140  1.19 -0.71
   11  1160  1.19 -0.71
   11  1180  1.19 -0.71
   11  1200  1.20 -0.72
   11  1220  1.20 -0.72
   11  1240  1.20 -0.72
   11  1260  1.21 -0.73
   11  1280  1.21 -0.73
   11  1300  1.21 -0.73
   11  1320  1.21 -0.73
   11  1340  1.21 -0.73
   11  1360  1.22 -0.74
   11  1380  1.22 -0.74
   11  1400  1.22 -0.74
   11  1420  1.22 -0.74
   11  1440  1.22 -0.74
   11  1460  1.23 -0.75
   11  1480  1.23 -0.75
   11  1500  1.24 -0.76
   11  1501  1.24 -0.76
   11  1520  1.24 -0.76
   11  1540  1.24 -0.76
   11  1560  1.24 -0.76
   11  1580  1.24 -0.76
   11  1600  1.25 -0.77
   11  1601  1.25 -0.77
   11  1620  1.25 -0.77
   11  1640  1.25 -0.78
   11  1660  1.25 -0.78
   11  1680  1.25 -0.78
   11  1700  1.26 -0.79
   12   280  1.27 -0.92
   12   300  1.27 -0.92
   12   320  1.27 -0.92
   12   325  1.27 -0.92
   12   330  1.27 -0.92
   12   350  1.27 -0.92
   12   375  1.27 -0.92
   12   400  1.27 -0.92
   12   425  1.27 -0.92
   12   450  1.28 -0.92
   12   475  1.28 -0.92
   12   500  1.28 -0.93
   12   525  1.28 -0.93
   12   545  1.28 -0.93
   12   550  1.28 -0.93
   12   555  1.28 -0.93
   12   575  1.28 -0.93
   12   600  1.29 -0.94
   12   625  1.29 -0.94
   12   650  1.29 -0.94
   12   675  1.29 -0.94
   12   700  1.29 -0.94
   12   725  1.29 -0.94
   12   750  1.29 -0.95
   12   775  1.29 -0.95
   12   800  1.29 -0.95
   12   825  1.29 -0.95
   12   850  1.30 -0.95
   12   875  1.30 -0.95
   12   900  1.30 -0.95
   12   925  1.30 -0.95
   12   950  1.30 -0.96
   12   975  1.30 -0.96
   12  1000  1.30 -0.96
   12  1025  1.30 -0.96
   12  1050  1.31 -0.96
   12  1075  1.31 -0.96
   12  1100  1.31 -0.96
   12  1125  1.31 -0.96
   12  1150  1.31 -0.97
   12  1175  1.31 -0.97
   12  1200  1.31 -0.97
   12  1225  1.31 -0.97
   12  1250  1.31 -0.98
   12  1275  1.31 -0.98
   12  1300  1.31 -0.98
   12  1325  1.31 -0.98
   12  1350  1.32 -0.99
   12  1375  1.32 -0.99
   12  1400  1.32 -0.99
   12  1425  1.32 -0.99
   12  1450  1.32 -0.99
   12  1475  1.32 -0.99
   12  1500  1.32 -1.00
   12  1501  1.32 -1.00
   12  1502  1.32 -1.00
   12  1525  1.32 -1.00
   12  1550  1.33 -1.01
   12  1575  1.33 -1.01
   12  1600  1.33 -1.01
   12  1601  1.33 -1.01
   12  1602  1.33 -1.01
   12  1625  1.33 -1.01
   12  1650  1.33 -1.01
   12  1675  1.33 -1.01
   12  1700  1.33 -1.01
   12  1701  1.33 -1.01
   12  1702  1.33 -1.01
   12  1725  1.33 -1.01
   12  1750  1.33 -1.01
   12  1775  1.33 -1.01
   12  1800  1.34 -1.01
   12  1801  1.34 -1.01
   12  1802  1.34 -1.01
   12  1825  1.34 -1.01
   12  1850  1.34 -1.01
   12  1875  1.34 -1.01
   12  1900  1.34 -1.02
   12  1925  1.34 -1.02
   12  1950  1.34 -1.02
   12  1975  1.34 -1.02
   12  2000  1.34 -1.03
   12  2020  1.34 -1.03
   12  2040  1.34 -1.03
   12  2060  1.34 -1.03
   12  2080  1.34 -1.03
   12  2100  1.34 -1.03
   12  2120  1.34 -1.03
   12  2140  1.35 -1.03
   12  2160  1.35 -1.03
   12  2180  1.35 -1.03
   12  2200  1.35 -1.03
   12  2220  1.35 -1.03
   12  2240  1.35 -1.03
   12  2260  1.35 -1.03
   12  2280  1.35 -1.03
   12  2300  1.35 -1.05
   12  2320  1.35 -1.05
   12  2340  1.35 -1.05
   12  2360  1.35 -1.05
   12  2380  1.35 -1.05
   12  2400  1.36 -1.05
   12  2420  1.36 -1.05
   12  2440  1.36 -1.06
   12  2460  1.36 -1.06
   12  2480  1.36 -1.06
   12  2495  1.36 -1.06
   12  2510  1.36 -1.06
   12  2525  1.36 -1.06
   13    84  1.28 -1.17
   13   106  1.28 -1.17
   13   126  1.28 -1.17
   13   148  1.28 -1.17
   13   172  1.28 -1.17
   13   197  1.28 -1.17
   13   222  1.29 -1.18
   13   236  1.29 -1.18
   13   251  1.29 -1.18
   13   267  1.29 -1.18
   13   284  1.29 -1.19
   13   301  1.30 -1.19
   13   319  1.30 -1.19
   13   337  1.30 -1.19
   13   357  1.30 -1.20
   13   377  1.30 -1.20
   13   397  1.30 -1.20
   13   417  1.30 -1.20
   13   437  1.30 -1.20
   13   454  1.31 -1.11
   13   469  1.31 -1.11
   13   484  1.31 -1.11
   13   499  1.31 -1.11
   13   514  1.31 -1.11
   13   529  1.31 -1.11
   13   544  1.31 -1.11
   13   559  1.32 -1.12
   13   574  1.32 -1.12
   13   589  1.32 -1.12
   13   604  1.32 -1.12
   13   619  1.32 -1.12
   13   634  1.32 -1.12
   13   649  1.33 -1.13
   13   664  1.33 -1.13
   13   679  1.33 -1.13
   13   694  1.33 -1.13
   13   710  1.34 -1.14
   13   726  1.34 -1.14
   13   742  1.34 -1.14
   13   759  1.34 -1.14
   13   779  1.34 -1.14
   13   799  1.35 -1.15
   13   819  1.35 -1.15
   13   839  1.35 -1.15
   13   859  1.35 -1.15
   13   879  1.35 -1.15
   13   899  1.36 -1.16
   13   919  1.36 -1.16
   13   939  1.36 -1.16
   13   959  1.36 -1.16
   13   979  1.36 -1.16
   13   982  1.36 -1.16
   13   984  1.36 -1.16
   13  1004  1.37 -1.17
   13  1024  1.37 -1.17
   13  1044  1.37 -1.17
   13  1064  1.37 -1.18
   13  1084  1.37 -1.18
   13  1104  1.38 -1.18
   13  1124  1.38 -1.18
   13  1144  1.38 -1.19
   13  1164  1.38 -1.19
   13  1184  1.38 -1.19
   13  1196  1.39 -1.19
   13  1208  1.39 -1.19
   13  1228  1.39 -1.19
   13  1248  1.39 -1.20
   13  1268  1.39 -1.20
   13  1288  1.39 -1.20
   13  1308  1.40 -1.21
   13  1322  1.40 -1.21
   13  1335  1.40 -1.21
   13  1355  1.40 -1.21
   13  1375  1.40 -1.21
   13  1395  1.41 -1.22
   13  1411  1.41 -1.22
   13  1425  1.41 -1.22
   13  1445  1.41 -1.22
   13  1465  1.41 -1.22
   13  1485  1.41 -1.22
   13  1505  1.42 -1.23
   13  1525  1.42 -1.23
   13  1537  1.42 -1.23
   13  1548  1.42 -1.23
   13  1568  1.42 -1.23
   13  1588  1.42 -1.23
   13  1608  1.43 -1.24
   13  1628  1.43 -1.24
   13  1648  1.43 -1.25
   13  1668  1.43 -1.25
   13  1688  1.44 -1.25
   13  1697  1.44 -1.25
   13  1706  1.44 -1.25
   13  1719  1.44 -1.25
   13  1742  1.44 -1.25
   13  1760  1.45 -1.26
   13  1781  1.45 -1.26
   13  1800  1.45 -1.26
   15   120  1.50 -1.39
   15   140  1.50 -1.39
   15   160  1.50 -1.39
   15   180  1.50 -1.39
   15   200  1.50 -1.39
   15   220  1.50 -1.39
   15   240  1.50 -1.39
   15   260  1.50 -1.39
   15   280  1.50 -1.39
   15   300  1.51 -1.39
   15   320  1.51 -1.39
   15   340  1.51 -1.39
   15   360  1.51 -1.39
   15   380  1.51 -1.39
   15   400  1.51 -1.39
   15   420  1.51 -1.39
   15   440  1.51 -1.39
   15   460  1.51 -1.39
   15   480  1.51 -1.39
   15   500  1.52 -1.38
   15   520  1.52 -1.38
   16   540  1.52 -1.38
   16   560  1.52 -1.38
   16   580  1.52 -1.38
   16   600  1.52 -1.38
   16   620  1.52 -1.38
   16   640  1.52 -1.38
   16   660  1.52 -1.38
   16   670  1.52 -1.38
   16   680  1.52 -1.38
   16   700  1.52 -1.38
   16   720  1.52 -1.38
   16   740  1.52 -1.38
   16   760  1.52 -1.38
   16   780  1.52 -1.38
   16   800  1.53 -1.38
   16   820  1.53 -1.38
   16   840  1.53 -1.38
   16   860  1.53 -1.38
   16   880  1.53 -1.38
   16   900  1.53 -1.38
   16   920  1.53 -1.38
   16   940  1.53 -1.38
   16   950  1.53 -1.38
   16   965  1.53 -1.38
   16   985  1.53 -1.38
   16  1005  1.53 -1.38
   16  1025  1.53 -1.38
   16  1045  1.53 -1.38
   16  1065  1.53 -1.38
   16  1085  1.53 -1.38
   16  1105  1.54 -1.38
   16  1125  1.54 -1.38
   16  1145  1.54 -1.38
   16  1165  1.54 -1.38
   16  1185  1.54 -1.38
   16  1205  1.54 -1.38
   16  1225  1.54 -1.38
   16  1245  1.55 -1.38
   16  1265  1.55 -1.38
   16  1286  1.56 -1.39
   16  1306  1.56 -1.39
   16  1326  1.56 -1.40
   16  1346  1.57 -1.40
   16  1366  1.57 -1.40
   16  1386  1.58 -1.41
   16  1406  1.58 -1.41
   16  1428  1.59 -1.42
   16  1448  1.59 -1.42
   16  1469  1.60 -1.43
   16  1489  1.60 -1.43
   16  1509  1.61 -1.44
   16  1530  1.61 -1.44
   16  1550  1.62 -1.45
   16  1571  1.62 -1.45
   16  1591  1.63 -1.46
   16  1612  1.63 -1.46
   16  1632  1.63 -1.46
   16  1653  1.64 -1.47
   16  1673  1.64 -1.47
   16  1694  1.65 -1.48
   16  1714  1.65 -1.48
   16  1735  1.65 -1.49
   16  1755  1.66 -1.50
   16  1775  1.66 -1.50
   16  1795  1.67 -1.50
   16  1814  1.67 -1.50
   16  1832  1.68 -1.51
   16  1850  1.68 -1.51
   16  1870  1.68 -1.52
   16  1883  1.68 -1.52
   16  1905  1.69 -1.52
   16  1927  1.70 -1.53
   16  1948  1.70 -1.54
   16  1970  1.71 -1.54
   16  1990  1.71 -1.54
   16  2000  1.71 -1.55
   16  2015  1.72 -1.55
   16  2030  1.72 -1.55
   16  2040  1.72 -1.56
   16  2060  1.73 -1.56
   16  2080  1.73 -1.57
   16  2100  1.73 -1.57
   16  2120  1.74 -1.57
   16  2133  1.74 -1.57
   16  2153  1.75 -1.58
   16  2165  1.75 -1.58
   16  2180  1.75 -1.59
   16  2185  1.75 -1.59
   16  2195  1.75 -1.59
   16  2215  1.76 -1.60
   16  2235  1.76 -1.60
   16  2255  1.77 -1.60
   16  2275  1.77 -1.60
   16  2287  1.77 -1.60
   16  2300  1.78 -1.61
   16  2312  1.78 -1.61
   16  2325  1.78 -1.61
   16  2337  1.78 -1.61
   16  2349  1.79 -1.61
   16  2362  1.79 -1.62
   16  2374  1.79 -1.62
   16  2386  1.79 -1.62
   16  2397  1.79 -1.62
   16  2408  1.80 -1.62
   16  2419  1.80 -1.63
   16  2430  1.80 -1.63
   16  2443  1.80 -1.63
   16  2456  1.81 -1.63
   16  2470  1.81 -1.63
   16  2484  1.81 -1.63
   16  2499  1.82 -1.64
   16  2513  1.82 -1.64
   16  2527  1.82 -1.64
   16  2541  1.82 -1.64
   16  2555  1.83 -1.65
   16  2569  1.83 -1.65
   16  2583  1.83 -1.65
   16  2597  1.83 -1.65
   16  2610  1.84 -1.65
   16  2622  1.84 -1.66
   16  2635  1.84 -1.66
   16  2647  1.84 -1.66
   16  2660  1.85 -1.66
   16  2677  1.85 -1.67
   16  2694  1.85 -1.67
   16  2713  1.86 -1.67
   16  2730  1.86 -1.67
   16  2750  1.87 -1.68
   16  2770  1.87 -1.68
   16  2790  1.87 -1.68
   16  2810  1.88 -1.69
   16  2830  1.88 -1.69
   16  2850  1.89 -1.70
   16  2870  1.89 -1.70
   16  2890  1.89 -1.70
   16  2910  1.90 -1.70
   16  2930  1.90 -1.70
   16  2950  1.91 -1.71
   16  2970  1.91 -1.71
   16  2990  1.92 -1.71
   16  3010  1.92 -1.72
   16  3033  1.92 -1.72
   16  3059  1.93 -1.73
   16  3084  1.93 -1.73
   16  3110  1.94 -1.73
   16  3134  1.94 -1.73
   16  3153  1.95 -1.74
   16  3165  1.95 -1.74
   16  3177  1.95 -1.74
   16  3189  1.95 -1.74
   16  3202  1.96 -1.74
   16  3215  1.96 -1.75
   16  3226  1.96 -1.75
   16  3239  1.96 -1.75
   16  3251  1.97 -1.75
   16  3264  1.97 -1.76
   16  3276  1.97 -1.76
   16  3289  1.97 -1.76
   16  3301  1.98 -1.76
   16  3320  1.98 -1.77
   16  3340  1.98 -1.77
   16  3360  1.99 -1.77
   16  3380  1.99 -1.77
   16  3400  2.00 -1.77
   16  3420  2.00 -1.77
   16  3440  2.00 -1.77
   16  3458  2.01 -1.77
   16  3476  2.01 -1.77
   16  3494  2.01 -1.77
   16  3510  2.02 -1.77
   16  3526  2.02 -1.77
   16  3540  2.02 -1.77
   16  3547  2.03 -1.77
   16  3562  2.03 -1.77
   16  3570  2.03 -1.77
   16  3590  2.03 -1.77
   16  3610  2.04 -1.77
   16  3630  2.04 -1.77
   16  3650  2.05 -1.77
   16  3670  2.05 -1.77
   16  3690  2.05 -1.77
   16  3710  2.06 -1.77
   16  3730  2.06 -1.77
   16  3750  2.07 -1.77
   17    11  2.10 -1.79
   17    31  2.10 -1.79
   17    51  2.10 -1.79
   17    71  2.10 -1.79
   17   138  2.09 -1.79
   17   146  2.09 -1.79
   17   161  2.09 -1.79
   17   171  2.09 -1.79
   17   188  2.09 -1.79
   17   208  2.08 -1.79
   17   230  2.08 -1.79
   17   251  2.08 -1.78
   17   271  2.08 -1.78
   17   290  2.08 -1.78
   17   308  2.07 -1.78
   17   324  2.07 -1.78
   17   336  2.07 -1.78
   17   352  2.07 -1.78
   17   373  2.07 -1.78
   17   396  2.06 -1.78
   17   413  2.06 -1.78
   17   421  2.06 -1.78
   17   441  2.06 -1.78
   17   461  2.06 -1.78
   17   483  2.06 -1.78
   17   496  2.06 -1.78
   17   512  2.05 -1.78
   17   530  2.05 -1.78
   17   558  2.04 -1.78
   17   584  2.04 -1.78
   17   602  2.04 -1.77
   17   619  2.04 -1.77
   17   638  2.04 -1.77
   17   663  2.04 -1.77
   17   684  2.04 -1.77
   17   705  2.03 -1.77
   17   730  2.03 -1.77
   17   751  2.03 -1.77
   17   768  2.03 -1.77
   17   778  2.03 -1.77
   17   791  2.03 -1.77
   17   802  2.02 -1.77
   17   822  2.02 -1.77
   17   851  2.01 -1.77
   17   877  2.01 -1.77
   17   903  2.01 -1.77
   17   936  2.01 -1.77
   17   951  2.00 -1.77
   17   962  2.00 -1.77
   17   979  2.00 -1.77
   17   985  2.00 -1.77
   17   993  2.00 -1.77
   17  1007  1.99 -1.76
   17  1021  1.99 -1.76
   17  1032  1.99 -1.76
   17  1046  1.99 -1.76
   17  1068  1.99 -1.76
   17  1092  1.99 -1.76
   17  1112  1.99 -1.76
   17  1136  1.99 -1.76
   17  1162  1.98 -1.76
   17  1191  1.98 -1.76
   17  1214  1.98 -1.76
   17  1241  1.98 -1.76
   17  1262  1.97 -1.75
   17  1282  1.97 -1.75
   17  1300  1.96 -1.75
   17  1318  1.96 -1.75
   17  1335  1.96 -1.75
   17  1354  1.96 -1.75
   17  1363  1.96 -1.75
   17  1372  1.96 -1.75
   17  1381  1.96 -1.75
   17  1391  1.96 -1.75
   17  1401  1.95 -1.75
   17  1412  1.95 -1.75
   17  1427  1.95 -1.75
   17  1450  1.95 -1.75
   17  1467  1.95 -1.74
   17  1487  1.95 -1.74
