 -97.5143795   25.0378170  2.6454708e+00  6.4200000e+04  4.7094829e-02  3.0539217e+03
 -97.5062107   25.0813262  2.6528550e+00  6.6200000e+04  4.9608568e-02  3.2725809e+03
 -97.4877978   25.1230230  2.6617316e+00  6.4800000e+04  5.0523505e-02  2.9444217e+03
 -97.4673411   25.1639418  2.6724810e+00  6.6800000e+04  5.1481816e-02  3.2744924e+03
 -97.4458564   25.2044311  2.6851436e+00  6.7200000e+04  5.1978280e-02  3.0811502e+03
 -97.4237682   25.2446571  2.7007715e+00  6.7800000e+04  5.0523505e-02  3.6616779e+03
 -97.4012769   25.2847035  2.7208022e+00  6.6800000e+04  5.0997035e-02  3.9605925e+03
 -97.3785184   25.3246298  2.7444413e+00  6.6800000e+04  5.0997035e-02  3.2263823e+03
 -97.3555861   25.3644783  2.7687316e+00  6.6400000e+04  5.2486885e-02  3.2560167e+03
 -97.3325526   25.4042828  2.7921536e+00  6.6200000e+04  5.1481816e-02  3.4250314e+03
 -97.3094911   25.4440775  2.8156742e+00  6.6800000e+04  5.1978280e-02  3.0762521e+03
 -97.2864835   25.4839013  2.8404614e+00  6.7200000e+04  5.1978280e-02  3.4919686e+03
 -97.2636419   25.5238064  2.8666457e+00  6.7200000e+04  4.8310878e-02  3.1359405e+03
 -97.2411718   25.5638861  2.8938630e+00  6.7800000e+04  4.8733946e-02  3.7541703e+03
 -97.2194527   25.6043039  2.9218421e+00  6.8800000e+04  4.8310878e-02  3.2983547e+03
 -97.1990093   25.6452603  2.9503692e+00  6.9600000e+04  4.9166397e-02  2.9956414e+03
 -97.1805836   25.6869871  2.9791366e+00  6.9600000e+04  5.0060813e-02  3.0166102e+03
 -97.1651245   25.7296781  3.0076611e+00  6.9400000e+04  4.7896872e-02  3.0553001e+03
 -97.1533586   25.7733119  3.0352249e+00  7.0800000e+04  3.9035095e-02  2.6035556e+03
 -97.1455408   25.8176609  3.0611003e+00  7.3400000e+04  4.2594755e-02  2.5643049e+03
 -97.1411514   25.8623950  3.0848558e+00  7.3200000e+04  3.9534205e-02  2.7364212e+03
 -97.1393951   25.9072791  3.1063832e+00  7.4200000e+04  3.9789806e-02  2.6434306e+03
 -97.1394671   25.9521928  3.1257467e+00  7.5800000e+04  3.9789806e-02  2.3921624e+03
 -97.1409744   25.9970868  3.1430746e+00  7.7400000e+04  3.8551440e-02  2.3498058e+03
 -97.1437270   26.0419332  3.1585049e+00  7.8800000e+04  4.2594755e-02  2.3569573e+03
 -97.1476561   26.0867091  3.1721637e+00  7.9800000e+04  4.0855034e-02  2.2994929e+03
 -97.1527631   26.1313891  3.1841642e+00  8.1200000e+04  3.9035095e-02  2.3311951e+03
 -97.1590244   26.1759505  3.1946071e+00  8.3200000e+04  3.9035095e-02  2.3912616e+03
 -97.1664761   26.2203646  3.2035964e+00  8.4200000e+04  3.7853306e-02  2.4816852e+03
 -97.1752185   26.2645892  3.2112394e+00  8.4800000e+04  3.7853306e-02  2.5221376e+03
 -97.1851341   26.3086152  3.2175585e+00  8.3600000e+04  3.9035095e-02  2.5201846e+03
 -97.1961527   26.3524311  3.2224921e+00  8.1800000e+04  4.1132628e-02  2.5136680e+03
 -97.2081065   26.3960506  3.2260607e+00  8.0000000e+04  4.1702235e-02  2.4400390e+03
 -97.2209194   26.4394753  3.2283669e+00  7.7400000e+04  4.2291975e-02  2.3989690e+03
 -97.2344897   26.4827163  3.2294667e+00  7.6000000e+04  4.7491619e-02  2.3415554e+03
 -97.2487231   26.5257878  3.2293688e+00  7.4200000e+04  4.4876996e-02  2.2434357e+03
 -97.2635686   26.5686952  3.2280700e+00  7.3200000e+04  4.4876996e-02  2.2317230e+03
 -97.2789024   26.6114667  3.2255556e+00  7.2400000e+04  4.2291975e-02  2.2499775e+03
 -97.2945088   26.6541611  3.2217991e+00  7.2200000e+04  4.2594755e-02  2.2684565e+03
 -97.3100840   26.6968662  3.2167620e+00  7.2800000e+04  4.2594755e-02  2.2962654e+03
 -97.3252645   26.7396860  3.2103936e+00  7.3800000e+04  4.0582075e-02  2.3145059e+03
 -97.3396154   26.7827343  3.2026299e+00  7.5200000e+04  3.8551440e-02  2.3942709e+03
 -97.3526182   26.8261224  3.1933937e+00  7.6000000e+04  3.7185936e-02  2.4987869e+03
 -97.3636607   26.8699395  3.1825930e+00  7.6600000e+04  3.5736861e-02  2.8235378e+03
 -97.3721612   26.9142043  3.1701209e+00  7.9400000e+04  3.6136362e-02  2.6960348e+03
 -97.3777983   26.9588309  3.1558549e+00  7.9800000e+04  3.5541213e-02  3.6152011e+03
 -97.3804602   27.0036768  3.1396564e+00  8.0600000e+04  3.5348219e-02  2.7642782e+03
 -97.3802641   27.0485859  3.1213707e+00  8.1200000e+04  3.5348219e-02  2.8981699e+03
 -97.3773831   27.0934235  3.1008272e+00  8.1800000e+04  3.4067011e-02  3.2306684e+03
 -97.3721471   27.1380931  3.0781873e+00  8.1800000e+04  3.3385305e-02  2.8793960e+03
 -97.3648920   27.1825394  3.0549219e+00  8.2800000e+04  3.3057027e-02  2.8488318e+03
 -97.3557931   27.2267176  3.0332996e+00  8.2200000e+04  3.3893334e-02  2.8312489e+03
 -97.3449466   27.2705839  3.0126578e+00  8.3000000e+04  3.2895889e-02  2.8183791e+03
 -97.3324566   27.3141042  2.9882899e+00  8.2400000e+04  3.3057027e-02  2.8782566e+03
 -97.3184443   27.3572585  2.9568186e+00  8.2000000e+04  3.1385828e-02  2.8963883e+03
 -97.3029208   27.4000049  2.9192218e+00  8.2000000e+04  3.3220153e-02  2.8865442e+03
 -97.2860065   27.4423351  2.8774511e+00  8.2200000e+04  3.2424019e-02  2.9619706e+03
 -97.2676972   27.4842081  2.8318355e+00  8.1400000e+04  3.2424019e-02  3.1184998e+03
 -97.2481626   27.5256459  2.7820816e+00  8.4200000e+04  3.2424019e-02  3.1678763e+03
 -97.2274717   27.5666431  2.7294842e+00  8.0200000e+04  3.2895889e-02  3.6244596e+03
 -97.2057069   27.6072044  2.6767520e+00  8.2800000e+04  3.1820461e-02  3.8266510e+03
 -97.1829501   27.6473395  2.6255600e+00  8.2800000e+04  3.1673918e-02  3.1206829e+03
 -97.1592275   27.6870373  2.5762386e+00  8.0800000e+04  3.1673918e-02  3.0370352e+03
 -97.1345052   27.7262583  2.5288824e+00  8.0200000e+04  3.1529051e-02  3.0004917e+03
 -97.1088260   27.7649989  2.4835442e+00  8.0400000e+04  3.1820461e-02  3.1288049e+03
 -97.0821618   27.8032198  2.4402257e+00  8.0800000e+04  2.9910934e-02  3.0713654e+03
 -97.0543830   27.8408196  2.3993325e+00  8.1200000e+04  3.0965734e-02  3.3373139e+03
 -97.0254351   27.8777286  2.3616451e+00  8.0600000e+04  3.1104198e-02  3.6243387e+03
 -96.9951052   27.9137657  2.3272651e+00  8.0800000e+04  3.0426915e-02  3.2192220e+03
 -96.9633692   27.9488512  2.2956256e+00  8.0400000e+04  3.0426915e-02  3.2030516e+03
 -96.9300643   27.9827905  2.2663964e+00  8.0400000e+04  2.9538021e-02  3.2268209e+03
 -96.8952723   28.0155535  2.2394847e+00  8.0600000e+04  2.7625116e-02  3.1255904e+03
 -96.8589227   28.0469805  2.2147860e+00  8.0800000e+04  2.9538021e-02  3.0597118e+03
 -96.8211846   28.0771158  2.1921754e+00  8.0400000e+04  2.9295783e-02  3.0457535e+03
 -96.7821099   28.1059075  2.1715100e+00  7.9200000e+04  2.9785327e-02  2.9843644e+03
 -96.7420705   28.1336611  2.1526914e+00  7.9000000e+04  2.9538021e-02  2.9570301e+03
 -96.7012848   28.1605698  2.1356675e+00  7.9000000e+04  2.9910934e-02  2.9041240e+03
 -96.6599657   28.1868515  2.1203718e+00  7.8800000e+04  3.0295840e-02  2.9052682e+03
 -96.6182997   28.2127170  2.1067238e+00  7.9000000e+04  3.0295840e-02  2.8994827e+03
 -96.5764585   28.2383755  2.0946164e+00  8.0200000e+04  2.9785327e-02  2.9015724e+03
 -96.5346694   28.2641118  2.0839151e+00  8.0200000e+04  2.9785327e-02  2.9614457e+03
 -96.4932628   28.2903344  2.0745224e+00  8.1600000e+04  2.9176514e-02  3.0625023e+03
 -96.4526459   28.3175085  2.0663776e+00  8.4600000e+04  2.8941574e-02  3.4943749e+03
 -96.4128789   28.3456529  2.0594276e+00  8.6800000e+04  2.8374345e-02  4.1803498e+03
 -96.3735796   28.3743142  2.0536269e+00  8.9400000e+04  2.7522081e-02  3.5309816e+03
 -96.3339850   28.4026693  2.0489371e+00  9.2600000e+04  2.6826815e-02  3.2479494e+03
 -96.2933992   28.4299271  2.0453275e+00  9.5400000e+04  2.5994482e-02  3.3019188e+03
 -96.2516759   28.4558367  2.0427748e+00  9.7000000e+04  2.5731113e-02  3.3917447e+03
 -96.2090762   28.4806343  2.0412622e+00  9.8800000e+04  2.5306634e-02  3.4573989e+03
 -96.1657966   28.5045195  2.0407799e+00  1.0020000e+05  2.5306634e-02  3.5561924e+03
 -96.1219400   28.5275917  2.0413252e+00  1.0180000e+05  2.4979401e-02  3.6620971e+03
 -96.0775617   28.5498953  2.0429025e+00  1.0260000e+05  2.4280275e-02  3.7746855e+03
 -96.0326900   28.5714387  2.0455232e+00  1.0300000e+05  2.4057917e-02  3.8752494e+03
 -95.9873473   28.5922228  2.0492052e+00  1.0260000e+05  2.3769219e-02  4.3182276e+03
 -95.9416322   28.6123845  2.0539549e+00  1.0280000e+05  2.3628084e-02  4.1546505e+03
 -95.8956793   28.6321412  2.0597284e+00  1.0220000e+05  2.3351995e-02  4.3966536e+03
 -95.8496132   28.6517097  2.0663728e+00  1.0180000e+05  2.3216944e-02  4.4763134e+03
 -95.8035484   28.6712962  2.0735506e+00  1.0340000e+05  2.2952605e-02  4.2571971e+03
 -95.7575871   28.6910842  2.0808073e+00  1.0460000e+05  2.3628084e-02  4.4595051e+03
 -95.7118132   28.7112186  2.0877838e+00  1.0660000e+05  2.3284225e-02  4.1252361e+03
 -95.6663024   28.7318218  2.0942899e+00  1.0880000e+05  2.3150147e-02  4.0984824e+03
 -95.6211024   28.7529590  2.1002381e+00  1.1180000e+05  2.5731113e-02  4.0326412e+03
 -95.5762463   28.7746666  2.1055934e+00  1.1400000e+05  2.5905946e-02  4.0522195e+03
 -95.5317830   28.7970007  2.1103375e+00  1.1760000e+05  2.5306634e-02  4.1241887e+03
 -95.4877675   28.8200199  2.1144522e+00  1.2020000e+05  2.5141687e-02  4.2370035e+03
 -95.4442524   28.8437714  2.1179199e+00  1.2440000e+05  2.4205586e-02  4.4635235e+03
 -95.4013488   28.8683753  2.1207225e+00  1.2760000e+05  2.3420260e-02  6.9833854e+03
 -95.3591178   28.8938683  2.1228414e+00  1.3120000e+05  2.2632543e-02  5.2193821e+03
 -95.3177270   28.9204088  2.1242576e+00  1.3440000e+05  2.2202679e-02  5.8398523e+03
 -95.2771376   28.9478939  2.1249526e+00  1.3820000e+05  2.2142924e-02  4.9185793e+03
 -95.2372727   28.9761921  2.1249076e+00  1.4100000e+05  2.0768913e-02  4.9762530e+03
 -95.1979425   29.0050690  2.1241035e+00  1.4440000e+05  2.0922550e-02  5.0953412e+03
 -95.1589844   29.0343412  2.1225096e+00  1.4800000e+05  2.0228837e-02  5.3391781e+03
 -95.1201722   29.0637725  2.1200847e+00  1.6040000e+05  1.8642124e-02  5.7757428e+03
 -95.0812601   29.0931139  2.1167872e+00  1.5660000e+05  1.8154962e-02  5.6620107e+03
 -95.0419673   29.1220760  2.1125746e+00  1.6620000e+05  1.7870588e-02  5.9187172e+03
 -95.0020798   29.1504227  2.1074468e+00  1.6900000e+05  1.7111375e-02  6.1950032e+03
 -94.9617435   29.1782935  2.1014458e+00  1.7200000e+05  1.6570693e-02  6.4622929e+03
 -94.9212226   29.2059718  2.0945702e+00  1.7300000e+05  1.6956792e-02  6.7490812e+03
 -94.8808319   29.2338066  2.0867763e+00  1.7340000e+05  1.6599614e-02  6.9933165e+03
 -94.8409631   29.2622189  2.0780335e+00  1.7520000e+05  1.5834612e-02  6.9644662e+03
 -94.8021830   29.2917631  2.0682370e+00  1.7740000e+05  1.5808904e-02  7.2622890e+03
 -94.7650292   29.3228657  2.0571951e+00  1.7880000e+05  1.5508337e-02  9.1678021e+03
 -94.7289652   29.3549441  2.0449387e+00  1.8100000e+05  1.5268516e-02  7.9067231e+03
 -94.6926442   29.3868100  2.0317209e+00  1.8520000e+05  1.4707436e-02  7.9293675e+03
 -94.6546861   29.4171940  2.0176322e+00  1.8660000e+05  1.4314049e-02  8.1920058e+03
 -94.6141813   29.4449698  2.0025618e+00  1.8980000e+05  1.4002493e-02  8.4262373e+03
 -94.5709515   29.4694458  1.9863874e+00  1.9040000e+05  1.3834545e-02  8.5500213e+03
 -94.5256655   29.4909542  1.9689922e+00  1.8960000e+05  1.3671542e-02  8.6562176e+03
 -94.4791383   29.5103779  1.9502553e+00  1.8800000e+05  1.3513256e-02  8.8989139e+03
 -94.4318494   29.5283765  1.9303471e+00  1.8840000e+05  1.6926293e-02  9.0194196e+03
 -94.3840925   29.5454338  1.9097328e+00  1.8840000e+05  1.5631824e-02  9.2028776e+03
 -94.3360746   29.5619459  1.8886278e+00  1.8840000e+05  1.4947864e-02  9.0752281e+03
 -94.2879697   29.5782830  1.8668880e+00  1.8840000e+05  1.4538542e-02  9.0278471e+03
 -94.2399087   29.5947349  1.8443960e+00  1.8960000e+05  1.3548035e-02  9.2775381e+03
 -94.1918856   29.6112872  1.8215590e+00  1.8900000e+05  1.3495951e-02  9.2879251e+03
 -94.1438433   29.6278149  1.7991329e+00  1.9080000e+05  1.2710590e-02  9.4747714e+03
 -94.0957158   29.6441711  1.7778385e+00  1.9100000e+05  1.2592976e-02  9.7304359e+03
 -94.0474204   29.6601667  1.7589743e+00  1.9200000e+05  1.2592976e-02  1.0318433e+04
 -93.9988599   29.6755609  1.7432479e+00  1.9360000e+05  1.2492268e-02  1.2016822e+04
 -93.9499088   29.6900065  1.7285152e+00  1.9460000e+05  1.2379604e-02  1.4033100e+04
 -93.9004095   29.7029788  1.7117095e+00  1.9500000e+05  1.8118797e-02  1.2645237e+04
 -93.8502693   29.7139534  1.6922607e+00  1.9540000e+05  1.2421555e-02  1.2416513e+04
 -93.7995397   29.7226687  1.6717092e+00  1.9560000e+05  1.2379604e-02  1.1783410e+04
 -93.7483840   29.7292703  1.6514142e+00  1.9560000e+05  1.2449720e-02  1.1245010e+04
 -93.6969611   29.7340928  1.6316660e+00  1.9560000e+05  1.7174200e-02  1.0673148e+04
 -93.6453951   29.7376224  1.6121897e+00  1.9560000e+05  1.2324218e-02  1.0675930e+04
 -93.5937642   29.7403780  1.5927380e+00  1.9540000e+05  1.2651442e-02  1.0382954e+04
 -93.5421040   29.7427100  1.5733309e+00  1.9600000e+05  1.6835611e-02  1.0113410e+04
 -93.4904337   29.7448906  1.5541559e+00  1.9420000e+05  1.2421555e-02  1.0045516e+04
 -93.4387706   29.7472126  1.5353383e+00  1.9420000e+05  1.6657836e-02  1.0452913e+04
 -93.3871455   29.7501090  1.5169426e+00  1.9420000e+05  1.2324218e-02  1.0764693e+04
 -93.3356611   29.7544837  1.4989398e+00  1.9500000e+05  1.2492268e-02  1.0499419e+04
 -93.2844062   29.7606028  1.4811975e+00  1.9540000e+05  1.2365700e-02  1.0318825e+04
 -93.2328646   29.7639739  1.4636310e+00  1.9580000e+05  1.5991083e-02  1.0307171e+04
 -93.1815795   29.7585792  1.4461612e+00  1.9560000e+05  1.5912367e-02  1.0042322e+04
 -93.1315370   29.7472337  1.4286561e+00  1.8940000e+05  1.2578465e-02  9.8458805e+03
 -93.0822724   29.7335409  1.4112120e+00  1.9360000e+05  1.6044104e-02  9.6501553e+03
 -93.0333727   29.7189077  1.3941541e+00  1.9180000e+05  1.3032853e-02  9.4286749e+03
 -92.9846340   29.7038912  1.3775493e+00  1.9080000e+05  1.2680930e-02  9.3502416e+03
 -92.9359348   29.6887957  1.3612068e+00  1.9040000e+05  1.6260664e-02  9.2176075e+03
 -92.8871958   29.6738160  1.3450280e+00  1.8900000e+05  1.3096576e-02  9.4860170e+03
 -92.8383651   29.6590816  1.3290067e+00  1.8520000e+05  1.6315953e-02  9.8167397e+03
 -92.7894230   29.6446469  1.3131365e+00  1.8540000e+05  1.3671542e-02  9.7327697e+03
 -92.7403776   29.6304976  1.2973953e+00  1.8340000e+05  1.3671542e-02  1.0040086e+04
 -92.6912336   29.6166271  1.2817450e+00  1.8020000e+05  1.4002493e-02  9.1672690e+03
 -92.6419895   29.6030466  1.2661541e+00  1.8000000e+05  1.4040510e-02  9.2915055e+03
 -92.5926403   29.5897761  1.2506128e+00  1.8060000e+05  1.6427954e-02  8.8990160e+03
 -92.5431722   29.5768632  1.2352520e+00  1.8040000e+05  1.4195200e-02  9.2077079e+03
 -92.4935558   29.5644073  1.2203917e+00  1.7880000e+05  1.6343774e-02  8.9029442e+03
 -92.4437390   29.5525919  1.2064594e+00  1.7880000e+05  1.6371714e-02  8.6727422e+03
 -92.3935992   29.5418877  1.1941967e+00  1.7860000e+05  1.6233194e-02  9.3353711e+03
 -92.3428935   29.5335134  1.1844085e+00  1.7860000e+05  1.6124465e-02  1.0084052e+04
 -92.2914530   29.5305229  1.1767106e+00  1.7800000e+05  1.5938498e-02  1.0384638e+04
 -92.2404906   29.5370819  1.1694608e+00  1.7980000e+05  1.5783300e-02  1.1756229e+04
 -92.1909795   29.5497908  1.1617394e+00  1.8120000e+05  1.5129007e-02  1.3473909e+04
 -92.1412032   29.5616871  1.1541925e+00  1.8340000e+05  1.5363326e-02  1.6364461e+04
 -92.0901835   29.5682654  1.1476789e+00  1.8440000e+05  1.5037754e-02  1.8298945e+04
 -92.0387474   29.5658452  1.1424422e+00  1.8180000e+05  1.5292081e-02  2.0419260e+04
 -91.9893579   29.5530249  1.1384709e+00  1.8040000e+05  1.5363326e-02  1.8697944e+04
 -91.9423160   29.5345452  1.1357595e+00  1.7540000e+05  1.5221656e-02  1.7454355e+04
 -91.8958965   29.5149012  1.1343083e+00  1.7380000e+05  1.5631824e-02  1.6553095e+04
 -91.8482898   29.4976085  1.1341138e+00  1.7640000e+05  1.5757799e-02  1.6111453e+04
 -91.7982084   29.4871915  1.1350164e+00  1.7760000e+05  1.5656818e-02  1.6181740e+04
 -91.7467398   29.4877344  1.1366052e+00  1.7300000e+05  1.5532839e-02  1.5926262e+04
 -91.6961255   29.4963087  1.1387543e+00  1.7340000e+05  1.5292081e-02  1.6591580e+04
 -91.6464181   29.5083741  1.1420326e+00  1.7320000e+05  1.5129007e-02  1.7777140e+04
 -91.5966620   29.5203044  1.1470048e+00  1.7460000e+05  1.4476446e-02  1.9273821e+04
 -91.5460474   29.5290135  1.1536741e+00  1.7720000e+05  1.4274157e-02  2.0597340e+04
 -91.4946057   29.5323502  1.1618863e+00  1.7840000e+05  1.4214837e-02  2.1590843e+04
 -91.4431662   29.5292517  1.1716467e+00  1.7580000e+05  1.4078787e-02  2.5693533e+04
 -91.3936414   29.5170746  1.1826462e+00  1.7360000e+05  1.4040510e-02  2.3720000e+04
 -91.3526300   29.4906107  1.1933309e+00  1.7100000e+05  1.4195200e-02  2.2243799e+04
 -91.3346685   29.4491359  1.2012545e+00  1.6700000e+05  1.4517769e-02  2.1094795e+04
 -91.3346393   29.4042951  1.2056470e+00  1.6100000e+05  1.5152037e-02  1.7365807e+04
 -91.3401579   29.3596407  1.2092865e+00  1.5460000e+05  1.5707106e-02  1.4858774e+04
 -91.3435156   29.3148548  1.2165143e+00  1.4800000e+05  1.6371714e-02  1.2296074e+04
 -91.3294646   29.2723738  1.2295944e+00  1.4060000e+05  1.7142716e-02  1.0918148e+04
 -91.2889715   29.2455368  1.2478845e+00  1.3560000e+05  1.7366190e-02  1.0857789e+04
 -91.2401999   29.2313359  1.2696316e+00  1.2940000e+05  1.7664481e-02  1.2089195e+04
 -91.1901320   29.2209423  1.2936379e+00  1.2520000e+05  1.7497199e-02  1.4352819e+04
 -91.1399585   29.2109529  1.3197275e+00  1.2240000e+05  1.7497199e-02  1.6524500e+04
 -91.0899826   29.2002584  1.3485193e+00  1.1920000e+05  1.7205830e-02  1.6882087e+04
 -91.0404617   29.1880830  1.3808688e+00  1.1900000e+05  1.7630705e-02  1.5709991e+04
 -90.9917820   29.1735851  1.4166519e+00  1.1600000e+05  1.7111375e-02  1.3993628e+04
 -90.9447118   29.1555325  1.4549804e+00  1.1240000e+05  1.7870588e-02  1.3886490e+04
 -90.9007334   29.1323248  1.4957777e+00  1.1720000e+05  1.8047004e-02  1.2859696e+04
 -90.8598565   29.1050987  1.5396065e+00  1.0580000e+05  1.8488771e-02  1.0958720e+04
 -90.8193661   29.0774425  1.5867706e+00  1.0160000e+05  1.8680961e-02  9.5418870e+03
 -90.7744477   29.0559409  1.6363836e+00  9.9800000e+04  1.9459443e-02  7.5466771e+03
 -90.7239200   29.0493099  1.6861694e+00  1.0060000e+05  2.0041003e-02  8.7162378e+03
 -90.6728046   29.0534797  1.7331135e+00  9.9200000e+04  2.0276486e-02  7.4123975e+03
 -90.6221259   29.0608873  1.7733217e+00  9.6800000e+04  2.0768913e-02  7.3687006e+03
 -90.5712252   29.0669679  1.8061948e+00  9.6000000e+04  2.1131883e-02  7.1722538e+03
 -90.5198945   29.0680156  1.8379112e+00  9.6600000e+04  2.1622647e-02  6.4905577e+03
 -90.4687242   29.0640339  1.8734153e+00  9.4800000e+04  2.2202679e-02  5.4019412e+03
 -90.4177966   29.0580562  1.9106113e+00  9.0200000e+04  2.3912479e-02  5.1415856e+03
 -90.3667098   29.0533347  1.9462510e+00  8.5600000e+04  2.7420002e-02  4.4394327e+03
 -90.3153829   29.0535103  1.9789553e+00  4.9000000e+04  3.0426915e-02  3.2609554e+03
 -90.2647920   29.0610731  2.0067749e+00  4.8800000e+04  3.1820461e-02  2.5741231e+03
 -90.2160795   29.0752634  2.0283491e+00  5.1600000e+04  3.4242929e-02  2.3855885e+03
 -90.1698741   29.0948718  2.0456045e+00  5.2000000e+04  3.5736861e-02  2.4218201e+03
 -90.1264886   29.1189249  2.0624724e+00  5.3800000e+04  3.5736861e-02  2.3646752e+03
 -90.0860655   29.1466597  2.0808351e+00  6.1600000e+04  3.6136362e-02  2.4607947e+03
 -90.0483572   29.1771928  2.0994192e+00  6.7600000e+04  3.6136362e-02  2.6052376e+03
 -90.0126983   29.2095661  2.1166104e+00  6.9800000e+04  3.5348219e-02  2.7767655e+03
 -89.9779888   29.2427303  2.1319419e+00  7.1400000e+04  3.4601678e-02  4.2046919e+03
 -89.9411683   29.2740778  2.1453579e+00  7.3200000e+04  3.2118697e-02  4.2287303e+03
 -89.8977469   29.2979063  2.1568430e+00  7.3800000e+04  2.9295783e-02  4.3406324e+03
 -89.8477689   29.3077659  2.1662453e+00  7.4800000e+04  2.5223824e-02  4.8007821e+03
 -89.7963936   29.3057761  2.1732117e+00  7.2800000e+04  2.3489026e-02  5.2764244e+03
 -89.7458340   29.2973269  2.1778084e+00  6.9200000e+04  2.0181467e-02  6.5557585e+03
 -89.6962645   29.2851756  2.1809703e+00  6.4600000e+04  2.1026565e-02  1.1845760e+03
 -89.6475429   29.2706489  2.1838357e+00  5.8000000e+04  2.2142924e-02  1.2777559e+03
 -89.5996203   29.2542418  2.1867061e+00  5.6000000e+04  2.3489026e-02  3.0043455e+03
 -89.5528155   29.2355635  2.1891212e+00  5.2400000e+04  2.5223824e-02  1.8225833e+03
 -89.5078027   29.2138215  2.1907171e+00  4.8800000e+04  2.7119356e-02  1.7771798e+03
 -89.4661557   29.1875265  2.1915298e+00  4.4400000e+04  2.9176514e-02  1.7759689e+03
 -89.4315333   29.1544584  2.1918110e+00  3.9800000e+04  3.2270456e-02  2.5929194e+03
 -89.4041200   29.1164770  2.1919115e+00  3.4600000e+04  3.7185936e-02  3.0043661e+03
 -89.3746662   29.0797563  2.1922478e+00  2.9600000e+04  4.3862271e-02  2.4332846e+03
 -89.3342576   29.0523769  2.1931397e+00  2.5400000e+04  5.0997035e-02  2.2387962e+03
 -89.2866706   29.0356816  2.1944442e+00  2.1400000e+04  5.5822463e-02  2.4984893e+03
 -89.2363133   29.0271329  2.1955914e+00  2.0000000e+04  6.1210737e-02  2.7788416e+03
 -89.1850472   29.0270717  2.1961451e+00  1.7800000e+04  6.3589431e-02  4.0268080e+03
 -89.1360415   29.0396375  2.1959518e+00  1.6200000e+04  8.0219598e-02  2.0174820e+03
 -89.0992065   29.0700789  2.1948785e+00  1.6000000e+04  9.2664798e-02  2.1456983e+03
 -89.0851491   29.1128503  2.1930024e+00  1.8800000e+04  6.6213469e-02  4.4043666e+03
 -89.0888525   29.1575261  2.1909825e+00  2.1400000e+04  5.2486885e-02  5.2957196e+03
 -89.1021547   29.2008692  2.1896361e+00  2.7200000e+04  4.4194101e-02  7.8508528e+03
 -89.1220527   29.2422552  2.1891299e+00  3.1400000e+04  3.8315171e-02  1.0132746e+04
 -89.1484552   29.2807537  2.1891299e+00  3.6000000e+04  3.3721853e-02  5.3324520e+03
 -89.1837042   29.3132727  2.1896212e+00  4.1400000e+04  2.9661029e-02  1.1696643e+04
 -89.2288997   29.3344467  2.1908645e+00  4.5200000e+04  9.2664798e-02  8.0640592e+03
 -89.2782386   29.3473311  2.1926204e+00  4.9800000e+04  8.0219598e-02  4.1766439e+03
 -89.3277267   29.3598306  2.1942441e+00  5.5200000e+04  9.7188441e-02  8.7180769e+03
 -89.3760009   29.3755301  2.1954633e+00  5.9400000e+04  9.0592943e-02  3.2142656e+03
 -89.4230735   29.3938230  2.1963287e+00  6.4400000e+04  1.5061452e-01  4.2164443e+03
 -89.4690731   29.4140995  2.1967680e+00  6.8800000e+04  8.1741172e-02  3.1210902e+03
 -89.5138334   29.4363915  2.1967680e+00  7.3000000e+04  1.8413269e-02  3.1096864e+03
 -89.5564448   29.4616553  2.1966098e+00  7.8000000e+04  4.8733946e-02  4.0658097e+03
 -89.5908089   29.4947847  2.1966098e+00  8.3000000e+04  4.0313629e-02  7.4496278e+03
 -89.6105087   29.5361983  2.1967680e+00  8.7400000e+04  2.5994482e-02  1.8588944e+03
 -89.6249981   29.5793069  2.1967829e+00  9.2200000e+04  3.0965734e-02  3.9995049e+03
 -89.6388031   29.6225890  2.1964329e+00  9.7400000e+04  2.7625116e-02  3.4759034e+03
 -89.6522494   29.6659577  2.1958578e+00  1.0180000e+05  2.5223824e-02  3.8871729e+03
 -89.6652212   29.7094365  2.1953384e+00  1.0580000e+05  2.1292358e-02  3.4813951e+03
 -89.6775634   29.7530545  2.1948611e+00  1.0860000e+05  1.9994723e-02  4.0119246e+03
 -89.6890958   29.7968398  2.1940434e+00  1.1460000e+05  1.7698420e-02  6.6776799e+03
 -89.6995092   29.8408359  2.1925587e+00  1.1820000e+05  1.6716572e-02  3.4466919e+03
 -89.7081856   29.8851129  2.1906334e+00  1.2200000e+05  1.6017539e-02  3.2710283e+04
 -89.7138733   29.9297454  2.1887489e+00  1.2720000e+05  1.4772046e-02  3.3393140e+04
 -89.7142963   29.9746243  2.1866803e+00  1.2980000e+05  1.2228765e-02  3.5438103e+04
 -89.7057140   30.0188250  2.1834439e+00  1.3320000e+05  1.2108716e-02  2.8178485e+04
 -89.6849148   30.0598226  2.1783328e+00  1.3500000e+05  1.2017358e-02  3.3441705e+04
 -89.6534100   30.0954152  2.1713955e+00  1.3540000e+05  1.2269447e-02  2.4756663e+04
 -89.6155643   30.1261183  2.1629392e+00  1.4060000e+05  1.2680930e-02  2.2186530e+04
 -89.5742356   30.1533024  2.1530968e+00  1.4180000e+05  1.2755408e-02  2.4865493e+04
 -89.5309894   30.1781826  2.1418169e+00  1.4480000e+05  1.2785506e-02  2.3025512e+04
 -89.4866517   30.2016034  2.1289960e+00  1.4220000e+05  1.2830989e-02  2.7757688e+04
 -89.4416635   30.2240961  2.1148198e+00  1.4120000e+05  1.2861536e-02  3.4059553e+04
 -89.3962370   30.2459374  2.1003249e+00  1.4180000e+05  1.2923179e-02  3.9490122e+04
 -89.3503409   30.2670495  2.0871856e+00  1.4180000e+05  1.2969899e-02  2.9403955e+04
 -89.3039501   30.2873542  2.0756322e+00  1.4160000e+05  1.3064618e-02  3.7325452e+04
 -89.2569646   30.3066288  2.0633594e+00  1.4020000e+05  1.3128731e-02  3.4248238e+04
 -89.2093387   30.3247091  2.0484768e+00  1.3980000e+05  1.3209989e-02  2.8744035e+04
 -89.1609171   30.3411543  2.0319399e+00  1.3860000e+05  1.3342655e-02  2.1968745e+04
 -89.1116109   30.3555151  2.0161713e+00  1.3800000e+05  1.3513256e-02  2.5537496e+04
 -89.0612686   30.3668862  2.0028493e+00  1.3720000e+05  1.3707350e-02  2.2434867e+04
 -89.0099416   30.3742876  1.9910952e+00  1.3740000e+05  1.4059616e-02  1.4682306e+04
 -88.9580281   30.3774195  1.9780936e+00  1.3580000e+05  1.4538542e-02  7.0510154e+03
 -88.9059954   30.3764397  1.9626117e+00  1.3540000e+05  1.5037754e-02  1.1621738e+04
 -88.8541947   30.3720282  1.9463347e+00  1.3020000e+05  1.6151477e-02  1.1961651e+04
 -88.8027034   30.3654283  1.9318790e+00  1.3500000e+05  1.6956792e-02  5.0820274e+03
 -88.7513335   30.3581645  1.9197584e+00  1.3320000e+05  1.8154962e-02  5.2329600e+03
 -88.6999206   30.3511536  1.9073174e+00  1.2980000e+05  1.9722545e-02  5.3069243e+03
 -88.6483760   30.3449332  1.8923082e+00  1.1880000e+05  2.1238529e-02  4.1471202e+03
 -88.5966220   30.3402299  1.8755136e+00  1.2520000e+05  2.2759222e-02  9.7698943e+03
 -88.5446433   30.3382900  1.8584205e+00  1.2300000e+05  2.4057917e-02  9.3023767e+03
 -88.4927290   30.3410281  1.8414092e+00  1.2200000e+05  2.4819708e-02  8.4460643e+03
 -88.4414266   30.3485119  1.8248952e+00  1.2100000e+05  2.4507841e-02  9.4494001e+03
 -88.3904730   30.3576783  1.8102959e+00  1.2000000e+05  2.3558298e-02  8.6577863e+03
 -88.3388484   30.3631680  1.7981289e+00  1.1760000e+05  2.3984922e-02  8.8216705e+03
 -88.2868758   30.3618369  1.7860576e+00  1.1500000e+05  2.3698389e-02  1.0414279e+04
 -88.2360477   30.3524788  1.7716938e+00  1.1300000e+05  2.3216944e-02  9.9398194e+03
 -88.1881297   30.3350799  1.7557167e+00  1.1120000e+05  2.3912479e-02  8.3596271e+03
 -88.1429098   30.3128797  1.7405743e+00  1.0840000e+05  2.5731113e-02  4.7518632e+03
 -88.0987926   30.2890778  1.7279002e+00  1.0580000e+05  2.7420002e-02  5.1121068e+03
 -88.0542533   30.2658901  1.7166715e+00  1.0380000e+05  2.7834107e-02  6.0471195e+03
 -88.0082026   30.2450579  1.7041072e+00  1.0180000e+05  2.8711307e-02  4.2253804e+03
 -87.9599130   30.2285049  1.6890650e+00  9.9400000e+04  2.7625116e-02  3.7877239e+03
 -87.9092476   30.2187560  1.6725330e+00  9.8000000e+04  2.8825866e-02  3.5507820e+03
 -87.8573606   30.2172810  1.6556767e+00  9.6800000e+04  2.9058451e-02  3.5769683e+03
 -87.8056960   30.2220191  1.6391359e+00  9.5400000e+04  3.2118697e-02  3.4932331e+03
 -87.7546134   30.2303110  1.6230052e+00  9.4600000e+04  3.2424019e-02  3.5269845e+03
 -87.7039420   30.2403483  1.6070121e+00  9.4600000e+04  3.0965734e-02  3.6150154e+03
 -87.6534764   30.2511557  1.5909367e+00  9.4600000e+04  3.3893334e-02  3.6389322e+03
 -87.6030654   30.2621719  1.5747654e+00  9.5000000e+04  2.7834107e-02  3.6200584e+03
 -87.5526026   30.2730291  1.5585825e+00  9.4600000e+04  3.0965734e-02  3.5019114e+03
 -87.5019985   30.2834023  1.5425153e+00  9.4400000e+04  2.8374345e-02  3.4990769e+03
 -87.4511624   30.2929085  1.5267458e+00  9.3000000e+04  2.8711307e-02  4.0011098e+03
 -87.3999868   30.3009515  1.5113531e+00  9.0000000e+04  2.9058451e-02  3.3474273e+03
 -87.3484639   30.3071510  1.4962553e+00  8.7600000e+04  3.1529051e-02  3.1609179e+03
 -87.2967363   30.3119569  1.4814067e+00  8.4000000e+04  2.9416279e-02  3.0423425e+03
 -87.2449577   30.3163641  1.4671377e+00  6.0200000e+04  3.4784606e-02  2.5794221e+03
 -87.1932744   30.3215417  1.4540282e+00  5.7800000e+04  3.2579422e-02  2.2220326e+03
 -87.1418499   30.3283790  1.4422439e+00  5.7400000e+04  4.1994518e-02  2.7742865e+03
 -87.0907477   30.3368570  1.4315368e+00  5.7200000e+04  2.9785327e-02  2.0934753e+03
 -87.0398428   30.3462025  1.4218842e+00  4.8200000e+04  4.1994518e-02  1.9427405e+03
 -86.9890039   30.3558327  1.4138425e+00  4.7600000e+04  4.1702235e-02  1.8685863e+03
 -86.9381089   30.3652586  1.4077935e+00  4.4800000e+04  3.5348219e-02  1.7695736e+03
 -86.8870455   30.3739971  1.4028433e+00  3.6000000e+04  3.6969944e-02  1.6665857e+03
 -86.8357084   30.3814590  1.3977924e+00  3.5600000e+04  3.5736861e-02  1.7297357e+03
 -86.7840663   30.3871555  1.3926939e+00  3.5800000e+04  3.9534205e-02  1.8852641e+03
 -86.7321687   30.3907466  1.3882440e+00  3.8000000e+04  3.9035095e-02  1.7444094e+03
 -86.6801294   30.3921609  1.3847545e+00  4.0600000e+04  3.5348219e-02  1.8246002e+03
 -86.6280696   30.3914506  1.3822535e+00  4.2800000e+04  3.4067011e-02  1.8531256e+03
 -86.5760888   30.3888711  1.3807613e+00  4.5600000e+04  4.1414984e-02  1.8861532e+03
 -86.5242479   30.3846966  1.3803167e+00  4.8800000e+04  3.9035095e-02  2.2461733e+03
 -86.4725727   30.3792144  1.3809103e+00  5.2000000e+04  4.2291975e-02  1.9733043e+03
 -86.4210799   30.3725952  1.3824979e+00  5.8400000e+04  3.8791383e-02  1.9919507e+03
 -86.3697848   30.3649367  1.3850740e+00  6.3800000e+04  4.0313629e-02  1.9854997e+03
 -86.3187097   30.3562711  1.3886540e+00  6.3600000e+04  4.5586890e-02  2.0076282e+03
 -86.2678884   30.3465772  1.3932485e+00  6.5200000e+04  5.4652773e-02  2.0454854e+03
 -86.2173726   30.3357777  1.3988199e+00  6.9600000e+04  5.7056794e-02  2.1955443e+03
 -86.1672470   30.3237195  1.4052812e+00  7.7000000e+04  5.1481816e-02  2.3789858e+03
 -86.1176552   30.3101369  1.4125974e+00  8.1000000e+04  4.6325531e-02  2.6232383e+03
 -86.0687753   30.2947713  1.4208132e+00  8.3600000e+04  4.1132628e-02  2.8153953e+03
 -86.0207779   30.2774744  1.4299866e+00  8.9600000e+04  3.1104198e-02  3.1187235e+03
 -85.9737899   30.2582376  1.4401318e+00  9.4200000e+04  3.6757060e-02  3.1001455e+03
 -85.9278664   30.2371841  1.4512328e+00  9.8000000e+04  3.9789806e-02  3.0986115e+03
 -85.8829827   30.2145311  1.4632021e+00  9.8000000e+04  3.8082489e-02  3.2314723e+03
 -85.8390519   30.1905361  1.4758807e+00  9.8600000e+04  3.5348219e-02  4.5730207e+03
 -85.7958095   30.1656372  1.4892159e+00  9.9600000e+04  3.3721853e-02  3.5612840e+03
 -85.7530597   30.1401231  1.5032616e+00  9.7400000e+04  3.3721853e-02  4.6131682e+03
 -85.7106340   30.1142210  1.5175870e+00  1.0040000e+05  2.9176514e-02  4.8274544e+03
 -85.6683712   30.0881335  1.5307737e+00  1.0300000e+05  1.8082811e-02  4.3040477e+03
 -85.6261008   30.0620690  1.5420648e+00  9.7800000e+04  1.7630705e-02  4.3174588e+03
 -85.5836028   30.0362975  1.5531863e+00  9.5400000e+04  1.7563635e-02  4.8266456e+03
 -85.5405561   30.0112334  1.5660421e+00  1.0000000e+05  1.7597090e-02  5.7895744e+03
 -85.4968955   29.9869916  1.5797973e+00  1.1180000e+05  1.8011373e-02  5.9836854e+03
 -85.4532460   29.9627498  1.5919552e+00  1.0940000e+05  1.8488771e-02  8.2039689e+03
 -85.4112848   29.9364126  1.6010958e+00  1.2240000e+05  1.8680961e-02  7.3223749e+03
 -85.3749889   29.9044989  1.6078874e+00  1.1800000e+05  1.9039830e-02  6.0010208e+03
 -85.3483480   29.8660800  1.6132246e+00  1.1200000e+05  1.9416441e-02  5.5336178e+03
 -85.3298432   29.8241687  1.6167661e+00  1.0780000e+05  2.0718324e-02  4.8994634e+03
 -85.3168735   29.7807022  1.6188077e+00  1.0320000e+05  2.1792656e-02  5.1125748e+03
 -85.3070286   29.7366090  1.6213144e+00  9.8600000e+04  2.2952605e-02  4.6874932e+03
 -85.2882450   29.6952797  1.6256543e+00  9.6000000e+04  2.5731113e-02  5.0008673e+03
 -85.2419508   29.6783627  1.6309691e+00  9.9400000e+04  2.3628084e-02  6.1890427e+03
 -85.1904069   29.6807532  1.6355517e+00  1.0560000e+05  2.3769219e-02  5.7214145e+03
 -85.1394652   29.6883705  1.6389144e+00  1.1480000e+05  2.2507611e-02  5.6869116e+03
 -85.0889856   29.6980823  1.6416329e+00  1.2620000e+05  2.1678947e-02  8.9532562e+03
 -85.0387669   29.7087913  1.6438528e+00  1.4500000e+05  2.0618064e-02  6.4776497e+03
 -84.9886338   29.7198189  1.6450886e+00  1.5760000e+05  1.9204940e-02  1.1447050e+04
 -84.9385485   29.7310271  1.6449384e+00  1.6840000e+05  1.9812238e-02  6.8201136e+03
 -84.8886903   29.7429889  1.6432580e+00  1.7840000e+05  1.9502683e-02  6.9503452e+03
 -84.8393070   29.7563638  1.6400171e+00  1.8440000e+05  2.0668042e-02  6.8488950e+03
 -84.7907099   29.7717654  1.6352199e+00  1.8980000e+05  2.1131883e-02  7.3629580e+03
 -84.7432491   29.7896481  1.6288452e+00  1.9420000e+05  2.1678947e-02  1.2531360e+04
 -84.6971419   29.8100440  1.6208469e+00  2.0020000e+05  2.1850071e-02  9.0217455e+03
 -84.6522850   29.8324612  1.6111625e+00  2.0520000e+05  2.1131883e-02  9.6129552e+03
 -84.6085031   29.8564411  1.5997137e+00  2.0960000e+05  2.0469925e-02  7.8721659e+03
 -84.5656403   29.8816543  1.5869424e+00  2.1500000e+05  2.0041003e-02  1.0161825e+04
 -84.5235708   29.9078674  1.5743565e+00  2.1760000e+05  1.6343774e-02  1.1165366e+04
 -84.4821572   29.9348677  1.5625661e+00  2.2360000e+05  1.4622379e-02  1.3076638e+04
 -84.4411205   29.9623106  1.5492150e+00  2.3280000e+05  1.4136694e-02  1.1916835e+04
 -84.3999723   29.9896399  1.5316488e+00  2.3000000e+05  1.3743392e-02  1.0921338e+04
 -84.3579802   30.0159971  1.5098644e+00  2.3520000e+05  1.3242846e-02  1.1746589e+04
 -84.3141981   30.0400685  1.4850452e+00  2.3360000e+05  1.3080573e-02  1.9007059e+04
 -84.2679030   30.0603006  1.4575021e+00  2.3420000e+05  1.2876878e-02  1.4834910e+04
 -84.2190488   30.0753613  1.4268041e+00  2.3560000e+05  1.2365700e-02  1.5025712e+04
 -84.1683031   30.0846517  1.3934025e+00  2.3260000e+05  1.2365700e-02  1.4948329e+04
 -84.1166252   30.0886241  1.3599096e+00  2.3420000e+05  1.2043284e-02  1.5311798e+04
 -84.0647467   30.0878483  1.3293196e+00  2.3140000e+05  1.2175045e-02  1.5270203e+04
 -84.0132322   30.0824990  1.3005739e+00  2.3460000e+05  1.1790137e-02  1.5636997e+04
 -83.9626732   30.0724419  1.2675698e+00  2.3280000e+05  1.1790137e-02  1.7515345e+04
 -83.9138418   30.0573124  1.2256029e+00  2.3220000e+05  1.1852173e-02  1.7003503e+04
 -83.8674451   30.0372616  1.1766366e+00  2.2520000e+05  1.2135139e-02  1.5676811e+04
 -83.8238714   30.0129252  1.1251076e+00  2.2280000e+05  1.2215280e-02  1.5102017e+04
 -83.7831333   29.9851504  1.0728383e+00  2.1700000e+05  1.2095559e-02  1.5878504e+04
 -83.7449966   29.9547341  1.0202305e+00  2.1080000e+05  1.2351834e-02  1.4859703e+04
 -83.7089500   29.9224650  9.6797545e-01  2.0860000e+05  1.2255849e-02  1.4068309e+04
 -83.6743526   29.8890312  9.1752397e-01  2.0180000e+05  1.2393548e-02  1.3138928e+04
 -83.6407839   29.8548255  8.7080337e-01  2.0020000e+05  1.2407532e-02  1.2559827e+04
 -83.6078497   29.8201664  8.2827211e-01  1.9660000e+05  1.2478045e-02  1.3163272e+04
 -83.5751282   29.7853638  7.8896775e-01  1.9520000e+05  1.2492268e-02  1.3883796e+04
 -83.5418603   29.7509637  7.5220809e-01  1.9480000e+05  1.2636762e-02  1.4510122e+04
 -83.5068829   29.7178856  7.1791645e-01  1.9420000e+05  1.2578465e-02  1.3190051e+04
 -83.4686859   29.6876345  6.8621388e-01  1.9540000e+05  1.2492268e-02  1.2623304e+04
 -83.4308002   29.6571353  6.5709560e-01  1.9580000e+05  1.2393548e-02  1.2862198e+04
 -83.4059568   29.6182925  6.3043818e-01  1.9560000e+05  1.2607529e-02  1.3566604e+04
 -83.4015792   29.5736109  6.0601152e-01  1.9300000e+05  1.2535181e-02  1.4422453e+04
 -83.3927449   29.5295352  5.8348007e-01  1.9140000e+05  1.2755408e-02  1.2978662e+04
 -83.3651488   29.4919728  5.6261124e-01  1.9140000e+05  1.2969899e-02  1.3267033e+04
 -83.3263759   29.4624129  5.4327528e-01  1.9300000e+05  1.2830989e-02  1.4065908e+04
 -83.2845736   29.4361066  5.2535164e-01  1.9500000e+05  1.2725486e-02  1.6618912e+04
 -83.2423654   29.4103035  5.0872947e-01  1.9740000e+05  1.2770435e-02  1.5698222e+04
 -83.2014401   29.3830049  4.9330717e-01  1.9960000e+05  1.3779673e-02  1.6991651e+04
 -83.1636257   29.3525178  4.7899218e-01  2.0120000e+05  1.2861536e-02  1.6083767e+04
 -83.1298223   29.3186534  4.6570043e-01  2.0260000e+05  1.2463862e-02  1.3765312e+04
 -83.1007874   29.2815904  4.5335571e-01  2.0440000e+05  1.2269447e-02  1.6609608e+04
 -83.0778915   29.2414095  4.4192047e-01  2.0480000e+05  1.2651442e-02  1.7191415e+04
 -83.0603255   29.1991959  4.3171039e-01  2.0440000e+05  1.3530618e-02  1.4985844e+04
 -83.0303847   29.1639545  4.2376982e-01  2.0620000e+05  1.4059616e-02  1.3997182e+04
 -82.9801065   29.1568404  4.1903887e-01  2.1060000e+05  1.3461505e-02  1.3688031e+04
 -82.9287277   29.1588162  4.1670936e-01  2.1520000e+05  1.3017043e-02  1.9551937e+04
 -82.8773877   29.1579250  4.1431934e-01  2.1960000e+05  1.2549568e-02  2.2137137e+04
 -82.8309447   29.1401056  4.0984132e-01  2.2280000e+05  1.2338006e-02  2.3006010e+04
 -82.7987788   29.1053031  4.0319449e-01  2.2440000e+05  1.2449720e-02  2.0948379e+04
 -82.7735435   29.0661850  3.9562200e-01  2.2520000e+05  1.2148405e-02  2.0262065e+04
 -82.7506264   29.0259880  3.8822662e-01  2.2500000e+05  1.2407532e-02  1.8199099e+04
 -82.7293082   28.9851269  3.8145407e-01  2.2460000e+05  1.2175045e-02  1.7073507e+04
 -82.7099302   28.9435408  3.7533782e-01  2.2480000e+05  1.2228765e-02  1.9840746e+04
 -82.6967796   28.9002288  3.6978612e-01  2.2360000e+05  1.2506531e-02  2.0928153e+04
 -82.6995151   28.8555244  3.6474663e-01  2.2120000e+05  1.2607529e-02  2.0827584e+04
 -82.6996207   28.8107094  3.6020626e-01  2.1880000e+05  1.3017043e-02  2.1833185e+04
 -82.6899728   28.7666295  3.5615568e-01  2.1700000e+05  1.2876878e-02  2.1178030e+04
 -82.6778393   28.7229923  3.5258940e-01  2.1520000e+05  1.2846240e-02  2.2406971e+04
 -82.6676489   28.6789827  3.4950588e-01  2.1140000e+05  1.3259351e-02  2.0728463e+04
 -82.6611469   28.6344457  3.4690631e-01  2.0840000e+05  1.3048711e-02  2.0347099e+04
 -82.6593842   28.5895771  3.4478897e-01  2.0460000e+05  1.3342655e-02  2.0254082e+04
 -82.6627686   28.5447821  3.4314176e-01  2.0100000e+05  1.3743392e-02  1.9742449e+04
 -82.6704488   28.5003872  3.4194165e-01  1.9720000e+05  1.4136694e-02  1.9478777e+04
 -82.6809886   28.4564425  3.4114623e-01  1.9340000e+05  1.4021469e-02  1.7657324e+04
 -82.6934219   28.4128799  3.4065286e-01  1.8980000e+05  1.4903420e-02  1.7717079e+04
 -82.7070250   28.3695883  3.4030142e-01  1.8620000e+05  1.4859305e-02  1.7069059e+04
 -82.7210960   28.3264134  3.3999368e-01  1.8260000e+05  1.5221656e-02  1.6129710e+04
 -82.7346727   28.2831187  3.3975915e-01  1.7860000e+05  1.5808904e-02  1.6916713e+04
 -82.7461721   28.2393655  3.3965513e-01  1.7560000e+05  1.5938498e-02  9.0640876e+03
 -82.7553265   28.1951821  3.3967855e-01  1.7280000e+05  1.6628661e-02  8.3476633e+03
 -82.7647167   28.1510399  3.3979396e-01  1.7040000e+05  1.7142716e-02  1.1001228e+04
 -82.7776642   28.1076140  3.4000605e-01  1.6760000e+05  1.7597090e-02  1.0663003e+04
 -82.7939252   28.0650544  3.4037138e-01  1.6460000e+05  1.8338533e-02  9.9811916e+03
 -82.8109163   28.0227161  3.4093213e-01  1.6200000e+05  1.9163327e-02  8.2216906e+03
 -82.8268500   27.9800638  3.4166438e-01  1.5920000e+05  1.9331145e-02  7.6390558e+03
 -82.8398330   27.9366524  3.4246704e-01  1.5620000e+05  2.0871023e-02  7.5204495e+03
 -82.8458978   27.8921445  3.4324938e-01  1.5460000e+05  2.1455914e-02  7.3657697e+03
 -82.8360531   27.8484045  3.4409175e-01  1.5380000e+05  2.2142924e-02  7.3609374e+03
 -82.8097720   27.8100923  3.4518732e-01  1.5500000e+05  2.0668042e-02  7.9296456e+03
 -82.7803063   27.7735337  3.4661145e-01  1.5640000e+05  2.1455914e-02  7.3992579e+03
 -82.7598750   27.7325884  3.4830077e-01  1.5560000e+05  2.1850071e-02  6.7192383e+03
 -82.7499590   27.6885823  3.5019421e-01  1.5460000e+05  2.1292358e-02  6.7420505e+03
 -82.7447468   27.6439095  3.5227645e-01  1.5300000e+05  2.2323407e-02  8.0451617e+03
 -82.7404399   27.5991566  3.5454551e-01  1.5120000e+05  2.2202679e-02  7.8227601e+03
 -82.7338997   27.5546289  3.5699810e-01  1.4960000e+05  2.2823230e-02  7.3267102e+03
 -82.7223549   27.5109215  3.5962989e-01  1.4800000e+05  2.3216944e-02  7.3790321e+03
 -82.7053267   27.4686492  3.6243599e-01  1.4960000e+05  2.3489026e-02  6.0051487e+03
 -82.6833195   27.4282239  3.6541074e-01  1.4940000e+05  2.3284225e-02  7.6335961e+03
 -82.6573372   27.3896975  3.6854766e-01  1.5280000e+05  2.3284225e-02  5.7088276e+03
 -82.6287594   27.3526428  3.7183971e-01  1.5480000e+05  2.3017983e-02  5.7429496e+03
 -82.5993466   27.3161090  3.7527905e-01  1.5680000e+05  2.3150147e-02  5.8082429e+03
 -82.5704734   27.2792444  3.7885705e-01  1.5660000e+05  2.2445788e-02  6.1755493e+03
 -82.5430399   27.2415291  3.8256484e-01  1.5600000e+05  2.2142924e-02  5.7051108e+03
 -82.5175408   27.2027619  3.8639312e-01  1.5420000e+05  2.3150147e-02  5.6766284e+03
 -82.4937538   27.1631449  3.9033193e-01  1.5540000e+05  2.3351995e-02  5.7163741e+03
 -82.4711110   27.1230030  3.9437096e-01  1.5600000e+05  2.3558298e-02  5.9120854e+03
 -82.4491809   27.0825518  3.9849990e-01  1.5560000e+05  2.2759222e-02  5.7983413e+03
 -82.4276191   27.0419472  4.0270834e-01  1.5600000e+05  2.2759222e-02  6.0481097e+03
 -82.4061255   27.0013170  4.0698567e-01  1.5520000e+05  2.2695662e-02  6.1522942e+03
 -82.3843859   26.9607944  4.1132107e-01  1.5760000e+05  2.2445788e-02  5.9544994e+03
 -82.3622099   26.9204634  4.1570393e-01  1.5840000e+05  2.2262838e-02  5.9575983e+03
 -82.3397931   26.8802418  4.2012402e-01  1.6060000e+05  2.1026565e-02  6.0386151e+03
 -82.3174976   26.8399703  4.2457219e-01  1.6260000e+05  2.0618064e-02  6.0353095e+03
 -82.2958820   26.7994091  4.2904333e-01  1.6580000e+05  2.0228837e-02  6.0347794e+03
 -82.2760020   26.7581550  4.3354096e-01  1.6900000e+05  1.9331145e-02  6.1419356e+03
 -82.2594521   26.7157547  4.3808355e-01  1.7160000e+05  1.9080774e-02  7.1996311e+03
 -82.2466931   26.6723193  4.4270331e-01  1.7220000e+05  1.9722545e-02  8.0050410e+03
 -82.2360763   26.6284177  4.4743209e-01  1.7160000e+05  1.9246779e-02  6.6066956e+03
 -82.2247587   26.5846589  4.5229284e-01  1.7320000e+05  1.9546165e-02  7.1126692e+03
 -82.2112102   26.5414161  4.5730247e-01  1.7520000e+05  1.9039830e-02  6.4655252e+03
 -82.1935762   26.4993932  4.6246408e-01  1.7520000e+05  2.0372632e-02  6.7103529e+03
 -82.1673946   26.4612510  4.6755056e-01  1.7540000e+05  1.9857469e-02  7.0278342e+03
 -82.1271721   26.4352145  4.7179051e-01  1.7980000e+05  1.9163327e-02  7.7720945e+03
 -82.0779089   26.4284054  4.7437467e-01  1.8560000e+05  1.8047004e-02  7.9929247e+03
 -82.0282591   26.4341849  4.7563453e-01  1.9260000e+05  1.7111375e-02  9.7142679e+03
 -81.9799617   26.4462898  4.7717816e-01  1.9800000e+05  1.6315953e-02  1.0752730e+04
 -81.9307957   26.4456629  4.8050380e-01  2.0380000e+05  1.5707106e-02  1.2528755e+04
 -81.8951238   26.4149702  4.8572042e-01  2.0940000e+05  1.5860424e-02  1.0837875e+04
 -81.8726588   26.3748986  4.9194906e-01  2.1280000e+05  1.5656818e-02  9.7742262e+03
 -81.8568604   26.3322956  4.9854811e-01  2.1540000e+05  1.5964736e-02  8.5961729e+03
 -81.8451751   26.2886266  5.0540001e-01  2.1680000e+05  1.6399774e-02  8.4335195e+03
 -81.8355744   26.2445449  5.1254394e-01  2.1900000e+05  1.6570693e-02  8.9571420e+03
 -81.8265411   26.2003663  5.2002345e-01  2.2000000e+05  1.6541897e-02  9.1705742e+03
 -81.8169327   26.1562871  5.2787890e-01  2.2260000e+05  1.6456256e-02  9.1553270e+03
 -81.8054828   26.1125696  5.3614771e-01  2.2580000e+05  1.6895930e-02  9.0777455e+03
 -81.7906765   26.0696804  5.4487208e-01  2.2920000e+05  1.6599614e-02  9.4121623e+03
 -81.7724820   26.0278526  5.5409976e-01  2.3540000e+05  1.6233194e-02  9.4929539e+03
 -81.7523113   25.9867585  5.6350909e-01  2.4980000e+05  1.5886342e-02  9.4965199e+03
 -81.7343859   25.9448750  5.7205143e-01  2.5140000e+05  1.5757799e-02  1.0578452e+04
 -81.7144878   25.9044870  5.7942295e-01  2.4900000e+05  1.6205840e-02  9.7136325e+03
 -81.6674899   25.8908003  5.8743243e-01  2.5000000e+05  1.5991083e-02  9.4090307e+03
 -81.6182350   25.8834709  5.9780386e-01  2.5000000e+05  1.4793740e-02  1.0262171e+04
 -81.5696315   25.8733020  6.0975296e-01  2.5180000e+05  1.3461505e-02  1.6436705e+04
 -81.5228034   25.8578577  6.2103770e-01  2.4840000e+05  1.2923179e-02  1.8885762e+04
 -81.4785519   25.8371370  6.3150365e-01  2.4780000e+05  1.2666164e-02  1.6189837e+04
 -81.4367275   25.8126669  6.4501709e-01  2.4720000e+05  1.2578465e-02  1.7187388e+04
 -81.3972053   25.7852745  6.6461053e-01  2.4180000e+05  1.2421555e-02  1.7991042e+04
 -81.3599354   25.7554403  6.8772185e-01  2.3460000e+05  1.1266153e-02  2.0809092e+04
 -81.3251879   25.7232417  7.1075351e-01  2.3140000e+05  1.0826518e-02  2.1531948e+04
 -81.2934855   25.6885966  7.3388929e-01  2.2280000e+05  8.4674623e-03  1.9566160e+04
 -81.2651511   25.6516628  7.5881419e-01  2.1660000e+05  8.5993213e-03  1.9431257e+04
 -81.2400934   25.6128531  7.8632030e-01  2.0720000e+05  8.8670311e-03  2.1223584e+04
 -81.2178635   25.5726676  8.1719610e-01  1.9480000e+05  9.2160477e-03  2.0968870e+04
 -81.1981229   25.5314400  8.5271378e-01  1.8420000e+05  9.7367008e-03  2.4170322e+04
 -81.1809013   25.4893055  8.9326461e-01  1.6120000e+05  1.0472980e-02  2.3609997e+04
 -81.1666604   25.4462787  9.3819695e-01  1.4780000e+05  1.0896807e-02  3.1455276e+04
 -81.1564851   25.4023313  9.8559654e-01  1.3740000e+05  1.1422865e-02  3.0944408e+04
 -81.1515882   25.3576618  1.0305796e+00  1.2240000e+05  1.2449720e-02  1.2012892e+04
 -81.1534493   25.3128244  1.0689251e+00  1.1420000e+05  1.2954279e-02  3.6707154e+04
 -81.1619323   25.2685784  1.1023992e+00  1.0400000e+05  1.3964731e-02  4.3617573e+03
 -81.1602291   25.2239908  1.1360592e+00  9.7400000e+04  1.4622379e-02  4.8500427e+03
 -81.1423605   25.1822194  1.1755682e+00  8.5800000e+04  1.6097567e-02  4.6683974e+03
 -81.1135713   25.1458149  1.2304501e+00  7.9800000e+04  1.6895930e-02  6.2742030e+03
 -81.0724095   25.1215334  1.3085260e+00  6.9800000e+04  1.8565052e-02  2.7353287e+04
 -81.0234875   25.1158951  1.4009061e+00  6.3000000e+04  1.9994723e-02  2.4497807e+03
 -80.9744156   25.1220552  1.4889966e+00  5.8600000e+04  2.1079060e-02  1.8255496e+03
 -80.9264075   25.1333433  1.5725608e+00  5.8200000e+04  2.1185038e-02  3.5768406e+03
 -80.8788062   25.1460109  1.6689106e+00  5.4600000e+04  2.2142924e-02  1.8413812e+04
 -80.8307481   25.1571531  1.7821328e+00  5.1200000e+04  2.3083829e-02  9.0143498e+03
