   7.2943100e+05   9.2349876e-01   2.9796995e+00
   7.2943104e+05   1.0137473e+00   3.2615743e+00
   7.2943108e+05   1.1039620e+00   3.5628275e+00
   7.2943112e+05   1.1816580e+00   3.6253026e+00
   7.2943117e+05   1.2394910e+00   3.7756284e+00
   7.2943121e+05   1.3073862e+00   3.7452049e+00
   7.2943125e+05   1.3725352e+00   3.7110410e+00
   7.2943129e+05   1.4523637e+00   3.8026392e+00
   7.2943133e+05   1.5774203e+00   3.7040279e+00
   7.2943138e+05   1.7267934e+00   3.6135005e+00
   7.2943142e+05   1.9410232e+00   3.6364829e+00
   7.2943146e+05   2.2370966e+00   3.8291542e+00
   7.2943150e+05   2.5389236e+00   4.2136943e+00
   7.2943154e+05   2.8204011e+00   4.8302554e+00
   7.2943158e+05   3.0774069e+00   5.5008853e+00
   7.2943162e+05   3.2771365e+00   5.8943467e+00
   7.2943167e+05   3.4329414e+00   6.2020002e+00
   7.2943171e+05   3.5560479e+00   6.3471820e+00
   7.2943175e+05   3.6158579e+00   6.3974552e+00
   7.2943179e+05   3.4908313e+00   6.3995921e+00
   7.2943183e+05   3.2321484e+00   6.0268483e+00
   7.2943188e+05   2.9714656e+00   5.3117480e+00
   7.2943192e+05   2.7518821e+00   4.7691706e+00
   7.2943196e+05   2.5948581e+00   4.4608117e+00
   7.2943200e+05   2.4815074e+00   4.4266766e+00
   7.2943204e+05   2.3524463e+00   4.6116076e+00
   7.2943208e+05   2.2388309e+00   4.9417672e+00
   7.2943212e+05   2.1424854e+00   5.2633727e+00
   7.2943217e+05   2.0418028e+00   5.2726312e+00
   7.2943221e+05   1.9498886e+00   5.2530775e+00
   7.2943225e+05   1.8961553e+00   5.0692883e+00
   7.2943229e+05   1.8592609e+00   4.8545330e+00
   7.2943233e+05   1.7977128e+00   4.4965565e+00
   7.2943238e+05   1.6901292e+00   3.9627983e+00
   7.2943242e+05   1.5040082e+00   3.7218334e+00
   7.2943246e+05   1.3149905e+00   3.5107172e+00
   7.2943250e+05   1.1764029e+00   3.3566852e+00
   7.2943254e+05   1.0453132e+00   3.3875426e+00
   7.2943258e+05   9.0798836e-01   3.5698249e+00
   7.2943262e+05   7.9711633e-01   3.7385245e+00
   7.2943267e+05   7.0631178e-01   3.6187847e+00
   7.2943271e+05   6.0677235e-01   3.5686694e+00
   7.2943275e+05   5.2464848e-01   3.3884822e+00
   7.2943279e+05   4.4282466e-01   3.4037952e+00
   7.2943283e+05   3.8174710e-01   3.3629999e+00
   7.2943288e+05   3.5651248e-01   2.9497650e+00
   7.2943292e+05   4.1688015e-01   2.3874339e+00
   7.2943296e+05   6.0614982e-01   2.2661663e+00
   7.2943300e+05   7.1815800e-01   2.5319787e+00
   7.2943304e+05   8.3083745e-01   2.7546072e+00
   7.2943308e+05   8.6038809e-01   3.0569544e+00
   7.2943312e+05   8.5278628e-01   3.5027322e+00
   7.2943317e+05   8.6597945e-01   3.7889606e+00
   7.2943321e+05   8.9639235e-01   3.8851367e+00
   7.2943325e+05   9.4158360e-01   3.9354563e+00
   7.2943329e+05   1.0024996e+00   3.8396626e+00
   7.2943333e+05   1.0779178e+00   3.7637305e+00
   7.2943338e+05   1.1774525e+00   3.5870569e+00
   7.2943342e+05   1.2262219e+00   3.4220900e+00
   7.2943346e+05   1.1980005e+00   3.3639591e+00
   7.2943350e+05   1.1609004e+00   3.2859703e+00
   7.2943354e+05   1.1495540e+00   3.2279469e+00
   7.2943358e+05   1.1692256e+00   3.3466537e+00
   7.2943362e+05   1.2780995e+00   3.6855446e+00
   7.2943367e+05   1.4458992e+00   4.1496715e+00
   7.2943371e+05   1.6299423e+00   4.5914387e+00
   7.2943375e+05   1.8855021e+00   4.9252897e+00
   7.2943379e+05   2.1587213e+00   5.1389838e+00
   7.2943383e+05   2.3450151e+00   5.2677666e+00
   7.2943388e+05   2.3762051e+00   5.1457436e+00
   7.2943392e+05   2.2547696e+00   4.7106074e+00
   7.2943396e+05   2.0413687e+00   4.3463924e+00
   7.2943400e+05   1.7821835e+00   4.2177052e+00
