   7.2943100e+05   4.5626450e+00
   7.2943102e+05   4.6927061e+00
   7.2943104e+05   4.5816622e+00
   7.2943106e+05   4.2772093e+00
   7.2943108e+05   3.6641083e+00
   7.2943110e+05   2.8719575e+00
   7.2943112e+05   2.0048754e+00
   7.2943115e+05   1.1253531e+00
   7.2943117e+05   2.2595128e-01
   7.2943119e+05  -6.1033493e-01
   7.2943121e+05  -1.4001751e+00
   7.2943123e+05  -2.1068668e+00
   7.2943125e+05  -2.7067683e+00
   7.2943127e+05  -3.1850863e+00
   7.2943129e+05  -3.4824064e+00
   7.2943131e+05  -3.4880176e+00
   7.2943133e+05  -3.1132920e+00
   7.2943135e+05  -2.3822548e+00
   7.2943138e+05  -1.3198649e+00
   7.2943140e+05  -7.7452888e-03
   7.2943142e+05   1.3418922e+00
   7.2943144e+05   2.6392357e+00
   7.2943146e+05   3.8200142e+00
   7.2943148e+05   4.6910105e+00
   7.2943150e+05   5.2210579e+00
   7.2943152e+05   5.4745455e+00
   7.2943154e+05   5.4736977e+00
   7.2943156e+05   5.2260580e+00
   7.2943158e+05   4.6926761e+00
   7.2943160e+05   3.9903584e+00
   7.2943162e+05   3.1709769e+00
   7.2943165e+05   2.2657964e+00
   7.2943167e+05   1.3356457e+00
   7.2943169e+05   4.1444501e-01
   7.2943171e+05  -4.7476599e-01
   7.2943173e+05  -1.2914140e+00
   7.2943175e+05  -2.0385158e+00
   7.2943177e+05  -2.6889853e+00
   7.2943179e+05  -3.2171457e+00
   7.2943181e+05  -3.5702450e+00
   7.2943183e+05  -3.7021072e+00
   7.2943185e+05  -3.5640945e+00
   7.2943188e+05  -3.0834653e+00
   7.2943190e+05  -2.2609258e+00
   7.2943192e+05  -1.1336564e+00
   7.2943194e+05   2.0431125e-01
   7.2943196e+05   1.5526271e+00
   7.2943198e+05   2.7893422e+00
   7.2943200e+05   3.8061080e+00
   7.2943202e+05   4.4082890e+00
   7.2943204e+05   4.6407242e+00
   7.2943206e+05   4.5927396e+00
   7.2943208e+05   4.2956843e+00
   7.2943210e+05   3.7685804e+00
   7.2943212e+05   2.9824140e+00
   7.2943215e+05   2.1109836e+00
   7.2943217e+05   1.2094225e+00
   7.2943219e+05   3.0511642e-01
   7.2943221e+05  -5.6233811e-01
   7.2943223e+05  -1.3717723e+00
   7.2943225e+05  -2.1189246e+00
   7.2943227e+05  -2.7654512e+00
   7.2943229e+05  -3.3126068e+00
   7.2943231e+05  -3.7344933e+00
   7.2943233e+05  -3.9387875e+00
   7.2943235e+05  -3.8490531e+00
   7.2943238e+05  -3.3880594e+00
   7.2943240e+05  -2.6117759e+00
   7.2943242e+05  -1.5795212e+00
   7.2943244e+05  -3.7017423e-01
   7.2943246e+05   8.7080038e-01
   7.2943248e+05   2.0772855e+00
   7.2943250e+05   3.1507843e+00
   7.2943252e+05   3.9210527e+00
   7.2943254e+05   4.3380785e+00
   7.2943256e+05   4.4930878e+00
   7.2943258e+05   4.4097753e+00
   7.2943260e+05   4.0930495e+00
   7.2943262e+05   3.4830613e+00
   7.2943265e+05   2.7034707e+00
   7.2943267e+05   1.8396796e+00
   7.2943269e+05   9.4827032e-01
   7.2943271e+05   5.4976642e-02
   7.2943273e+05  -7.8783321e-01
   7.2943275e+05  -1.5846533e+00
   7.2943277e+05  -2.3082392e+00
   7.2943279e+05  -2.9468584e+00
   7.2943281e+05  -3.4831953e+00
   7.2943283e+05  -3.8694954e+00
   7.2943285e+05  -4.0249710e+00
   7.2943288e+05  -3.8249285e+00
   7.2943290e+05  -3.3153813e+00
   7.2943292e+05  -2.4832520e+00
   7.2943294e+05  -1.4417077e+00
   7.2943296e+05  -2.6809868e-01
   7.2943298e+05   9.5134562e-01
   7.2943300e+05   2.1065145e+00
   7.2943302e+05   3.0850542e+00
   7.2943304e+05   3.7573555e+00
   7.2943306e+05   4.1121030e+00
   7.2943308e+05   4.2299871e+00
   7.2943310e+05   4.1184421e+00
   7.2943312e+05   3.7665622e+00
   7.2943315e+05   3.1668530e+00
   7.2943317e+05   2.4217911e+00
   7.2943319e+05   1.6343700e+00
   7.2943321e+05   8.0550408e-01
   7.2943323e+05  -2.9102143e-02
   7.2943325e+05  -8.0808061e-01
   7.2943327e+05  -1.5353513e+00
   7.2943329e+05  -2.1810596e+00
   7.2943331e+05  -2.7222414e+00
   7.2943333e+05  -3.1613352e+00
   7.2943335e+05  -3.4309757e+00
   7.2943338e+05  -3.4201291e+00
   7.2943340e+05  -3.0985885e+00
   7.2943342e+05  -2.4537885e+00
   7.2943344e+05  -1.5662351e+00
   7.2943346e+05  -5.1723427e-01
   7.2943348e+05   6.2415767e-01
   7.2943350e+05   1.7502917e+00
   7.2943352e+05   2.7802579e+00
   7.2943354e+05   3.5857260e+00
   7.2943356e+05   4.1127839e+00
   7.2943358e+05   4.4090757e+00
   7.2943360e+05   4.4783282e+00
   7.2943362e+05   4.3141670e+00
   7.2943365e+05   3.8877108e+00
   7.2943367e+05   3.2591336e+00
   7.2943369e+05   2.5525045e+00
   7.2943371e+05   1.7728888e+00
   7.2943373e+05   9.6781653e-01
   7.2943375e+05   1.9619572e-01
   7.2943377e+05  -5.4372370e-01
   7.2943379e+05  -1.2281482e+00
   7.2943381e+05  -1.8428177e+00
   7.2943383e+05  -2.3951297e+00
   7.2943385e+05  -2.8273361e+00
   7.2943388e+05  -3.0989821e+00
   7.2943390e+05  -3.1448197e+00
   7.2943392e+05  -2.9231374e+00
   7.2943394e+05  -2.4309118e+00
   7.2943396e+05  -1.7080858e+00
   7.2943398e+05  -7.8321242e-01
   7.2943400e+05   2.1993172e-01
